1 0.0196615 0.148843 0.0111979 0.0171296 0.772187
1 0.239844 0.14838 0.00729167 0.0134259 0.799928
1 0.639453 0.510417 0.00859375 0.0162037 0.800886
1 0.788281 0.672685 0.00885417 0.0157407 0.815842
0 0.403646 0.148148 0.0078125 0.012037 0.820346
1 0.360807 0.194444 0.00807292 0.0138889 0.826264
1 0.204688 0.721991 0.00885417 0.0152778 0.829943
1 0.7375 0.1875 0.0171875 0.0324074 0.833898
1 0.492318 0.427083 0.00911458 0.0171296 0.834101
1 0.807943 0.588426 0.00911458 0.0148148 0.834805
1 0.45026 0.216667 0.0125 0.0231481 0.855374
1 0.488672 0.0863426 0.0122396 0.0930556 0.87395
1 0.552083 0.475 0.00989583 0.0185185 0.874874
1 0.520573 0.129861 0.00885417 0.0152778 0.874992
1 0.499609 0.146991 0.0117188 0.0199074 0.878843
1 0.629557 0.640741 0.0148437 0.0203704 0.903457
1 0.674219 0.554861 0.0296875 0.0930556 0.954712
