1 0.3110598958333333 0.26968518518518514 0.009026041666666651 0.019921296296296315
1 0.4712942708333333 0.8514120370370369 0.01146093749999999 0.018564814814814905
1 0.55621875 0.2826435185185185 0.007463541666666629 0.015212962962963003
1 0.6860234374999999 0.3325 0.010609375000000032 0.017953703703703736
1 0.6329505208333334 0.38149074074074074 0.007497395833333309 0.01555555555555552
1 0.7414244791666667 0.28658333333333336 0.011356770833333307 0.016851851851851823
1 0.7977500000000001 0.36918518518518517 0.01427864583333327 0.023837962962962936
1 0.8746041666666666 0.265162037037037 0.01040624999999995 0.015972222222222204
1 0.84578125 0.6229305555555555 0.013151041666666696 0.025226851851851844
1 0.9207005208333333 0.6898750000000001 0.01189843749999997 0.02058796296296291
1 0.9113151041666666 0.3595787037037037 0.014351562499999915 0.02307407407407405
1 0.8582604166666666 0.30042592592592593 0.01644270833333339 0.02516203703703705