1 0.3110598958333333 0.7303148148148149 0.009026041666666651 0.019921296296296416
1 0.4712942708333333 0.14858796296296303 0.01146093749999999 0.018564814814814905
1 0.55621875 0.7173564814814815 0.007463541666666629 0.015212962962962904
1 0.6860234374999999 0.6675 0.010609375000000032 0.01795370370370364
1 0.6329505208333334 0.6185092592592594 0.007497395833333309 0.01555555555555562
1 0.7414244791666667 0.7134166666666667 0.011356770833333307 0.01685185185185192
1 0.7977500000000001 0.6308148148148148 0.01427864583333327 0.023837962962962835
1 0.8746041666666666 0.7348379629629629 0.01040624999999995 0.0159722222222223
1 0.84578125 0.37706944444444446 0.013151041666666696 0.025226851851851844
1 0.9207005208333333 0.31012499999999993 0.01189843749999997 0.02058796296296291
1 0.9113151041666666 0.6404212962962963 0.014351562499999915 0.02307407407407405
1 0.8582604166666666 0.699574074074074 0.01644270833333339 0.02516203703703705