1 0.62834375 0.6405740740740742 0.019817708333333295 0.026782407407407324
1 0.6709583333333333 0.5506388888888889 0.03396614583333335 0.10107407407407404
0 0.6374635416666667 0.5122685185185185 0.011549479166666599 0.01791203703703697
0 0.552265625 0.47602777777777777 0.0106197916666666 0.020032407407407464
1 0.49218229166666666 0.4274583333333333 0.013742187500000003 0.018916666666666693
1 0.45020052083333334 0.21839351851851851 0.015515625000000033 0.02663425925925929
1 0.3611796875 0.19555555555555554 0.011760416666666718 0.019513888888888904
1 0.4024270833333333 0.14736574074074074 0.01032552083333338 0.015949074074074074
1 0.23994010416666667 0.15054629629629632 0.009026041666666651 0.01337962962962965
1 0.4986276041666667 0.14662962962962964 0.012979166666666653 0.02304166666666665
1 0.5196536458333333 0.1295601851851852 0.007645833333333352 0.014245370370370361
1 0.5983307291666667 0.25077777777777777 0.012598958333333243 0.02072685185185187
1 0.7391927083333333 0.18518055555555557 0.020640624999999968 0.03838888888888888
1 0.7902005208333333 0.6736481481481481 0.011822916666666572 0.017615740740740706
1 0.8099713541666667 0.5895277777777779 0.012007812500000048 0.015365740740740819
1 0.20466666666666666 0.7234907407407407 0.011182291666666677 0.018143518518518437
1 0.0172890625 0.16090277777777778 0.016945312499999997 0.021430555555555546