1 0.62834375 0.3594259259259258 0.019817708333333295 0.026782407407407324
1 0.6709583333333333 0.4493611111111111 0.03396614583333335 0.10107407407407404
0 0.6374635416666667 0.4877314814814815 0.011549479166666599 0.01791203703703697
0 0.552265625 0.5239722222222222 0.0106197916666666 0.020032407407407464
1 0.49218229166666666 0.5725416666666666 0.013742187500000003 0.018916666666666596
1 0.45020052083333334 0.7816064814814815 0.015515625000000033 0.026634259259259194
1 0.3611796875 0.8044444444444445 0.011760416666666718 0.019513888888888904
1 0.4024270833333333 0.8526342592592593 0.01032552083333338 0.015949074074074174
1 0.23994010416666667 0.8494537037037037 0.009026041666666651 0.013379629629629698
1 0.4986276041666667 0.8533703703703703 0.012979166666666653 0.023041666666666554
1 0.5196536458333333 0.8704398148148148 0.007645833333333352 0.014245370370370361
1 0.5983307291666667 0.7492222222222222 0.012598958333333243 0.02072685185185187
1 0.7391927083333333 0.8148194444444444 0.020640624999999968 0.038388888888888834
1 0.7902005208333333 0.3263518518518519 0.011822916666666572 0.017615740740740706
1 0.8099713541666667 0.4104722222222221 0.012007812500000048 0.015365740740740819
1 0.20466666666666666 0.2765092592592593 0.011182291666666677 0.018143518518518437
1 0.0172890625 0.8390972222222222 0.016945312499999997 0.021430555555555446