1 0.7400312499999999 0.18437962962962962 0.01854427083333343 0.030685185185185187
1 0.5990364583333334 0.25048148148148147 0.008825520833333433 0.01872222222222221
1 0.5200052083333333 0.12875462962962964 0.008695312499999996 0.01530555555555556
1 0.4990130208333333 0.14623148148148146 0.012328125000000023 0.02142592592592591
1 0.44962760416666664 0.21702777777777776 0.016750000000000043 0.027500000000000007
1 0.40273177083333334 0.14691666666666667 0.009119791666666655 0.018476851851851835
1 0.36060156250000003 0.19466203703703705 0.0083854166666667 0.014129629629629627
1 0.23996354166666667 0.14959722222222221 0.008161458333333316 0.012662037037037019
1 0.341703125 0.2567083333333333 0.006067708333333366 0.012435185185185185
0 0.5512682291666666 0.47398611111111105 0.007158854166666728 0.017009259259259224
0 0.6388463541666667 0.5109537037037037 0.007354166666666773 0.01417592592592598
1 0.6757552083333334 0.5533333333333333 0.03819010416666657 0.10362037037037039
1 0.6289739583333334 0.6402824074074074 0.0174088541666666 0.028476851851851767
1 0.7899322916666667 0.6737777777777777 0.009273437500000092 0.016888888888888804
1 0.8107447916666667 0.5885277777777778 0.008322916666666735 0.014708333333333299
1 0.491640625 0.4276712962962963 0.011958333333333293 0.02108796296296293
1 0.20494270833333333 0.7230925925925926 0.010583333333333333 0.017597222222222167
1 0.017158854166666668 0.15822685185185184 0.014119791666666666 0.018592592592592567