1 0.7400312499999999 0.8156203703703704 0.01854427083333343 0.030685185185185187
1 0.5990364583333334 0.7495185185185185 0.008825520833333433 0.01872222222222221
1 0.5200052083333333 0.8712453703703704 0.008695312499999996 0.015305555555555609
1 0.4990130208333333 0.8537685185185185 0.012328125000000023 0.021425925925925862
1 0.44962760416666664 0.7829722222222223 0.016750000000000043 0.027500000000000056
1 0.40273177083333334 0.8530833333333333 0.009119791666666655 0.018476851851851786
1 0.36060156250000003 0.8053379629629629 0.0083854166666667 0.014129629629629529
1 0.23996354166666667 0.8504027777777777 0.008161458333333316 0.012662037037036968
1 0.341703125 0.7432916666666666 0.006067708333333366 0.012435185185185086
0 0.5512682291666666 0.526013888888889 0.007158854166666728 0.017009259259259224
0 0.6388463541666667 0.48904629629629626 0.007354166666666773 0.01417592592592598
1 0.6757552083333334 0.4466666666666666 0.03819010416666657 0.10362037037037039
1 0.6289739583333334 0.3597175925925926 0.0174088541666666 0.028476851851851767
1 0.7899322916666667 0.3262222222222223 0.009273437500000092 0.016888888888888804
1 0.8107447916666667 0.4114722222222222 0.008322916666666735 0.014708333333333299
1 0.491640625 0.5723287037037037 0.011958333333333293 0.02108796296296293
1 0.20494270833333333 0.2769074074074073 0.010583333333333333 0.017597222222222167
1 0.017158854166666668 0.8417731481481482 0.014119791666666666 0.01859259259259262