1 0.017479166666666667 0.1602824074074074 0.014617187499999997 0.02461111111111109
1 0.20539583333333333 0.7229629629629629 0.013617187500000016 0.018523148148148236
1 0.17197656249999999 0.4430648148148148 0.00755989583333333 0.015361111111111036
1 0.23927864583333333 0.15039814814814814 0.010492187499999972 0.017638888888888885
1 0.3600260416666667 0.1953888888888889 0.008424479166666665 0.0155462962962963
1 0.40217187499999996 0.14820833333333333 0.009169270833333298 0.01803240740740739
1 0.4496484375 0.21777777777777776 0.01446875000000003 0.026444444444444395
1 0.49098437500000003 0.4272314814814815 0.01261718749999996 0.02060648148148145
0 0.5499401041666666 0.4744722222222222 0.009356770833333306 0.017375000000000067
0 0.6379531249999999 0.5098101851851852 0.009247395833333227 0.015958333333333345
1 0.6713072916666667 0.5527037037037037 0.03687239583333324 0.10174537037037032
1 0.7884348958333334 0.6743796296296297 0.011440104166666742 0.0167638888888888
1 0.8101510416666666 0.5898148148148148 0.00870052083333328 0.014842592592592673
1 0.7388489583333333 0.18535648148148148 0.01975781249999997 0.03717592592592592
1 0.5986015625000001 0.25248148148148153 0.011893229166666686 0.021587962962962948
1 0.6284140625 0.6415925925925925 0.015888020833333405 0.02355092592592594