1 0.017479166666666667 0.8397175925925926 0.014617187499999997 0.02461111111111099
1 0.20539583333333333 0.27703703703703714 0.013617187500000016 0.018523148148148236
1 0.17197656249999999 0.5569351851851851 0.00755989583333333 0.015361111111111036
1 0.23927864583333333 0.8496018518518519 0.010492187499999972 0.017638888888888832
1 0.3600260416666667 0.8046111111111112 0.008424479166666665 0.015546296296296249
1 0.40217187499999996 0.8517916666666667 0.009169270833333298 0.01803240740740739
1 0.4496484375 0.7822222222222223 0.01446875000000003 0.026444444444444395
1 0.49098437500000003 0.5727685185185185 0.01261718749999996 0.02060648148148145
0 0.5499401041666666 0.5255277777777778 0.009356770833333306 0.017375000000000067
0 0.6379531249999999 0.49018981481481483 0.009247395833333227 0.015958333333333345
1 0.6713072916666667 0.4472962962962963 0.03687239583333324 0.10174537037037032
1 0.7884348958333334 0.32562037037037034 0.011440104166666742 0.0167638888888888
1 0.8101510416666666 0.41018518518518515 0.00870052083333328 0.014842592592592673
1 0.7388489583333333 0.8146435185185186 0.01975781249999997 0.03717592592592586
1 0.5986015625000001 0.7475185185185185 0.011893229166666686 0.021587962962962948
1 0.6284140625 0.35840740740740745 0.015888020833333405 0.02355092592592594