1 0.4019270833333333 0.14617592592592593 0.008367187499999984 0.016310185185185185
1 0.4483671875 0.21691666666666667 0.011781249999999965 0.021791666666666654
1 0.49818229166666667 0.14718981481481483 0.012216145833333303 0.02064814814814817
1 0.5187760416666667 0.13037962962962965 0.008671875000000107 0.014111111111111086
1 0.5978177083333333 0.2514722222222222 0.010507812499999991 0.019444444444444424
0 0.5503828125 0.4735370370370371 0.009317708333333341 0.01753240740740737
0 0.6375729166666667 0.5102685185185185 0.007356770833333304 0.01780092592592592
1 0.6706432291666666 0.5561111111111111 0.03589843749999999 0.09739351851851848
1 0.49069010416666664 0.42789814814814814 0.010195312500000053 0.018462962962962928
1 0.3596171875 0.19499999999999998 0.00900260416666665 0.015990740740740743
1 0.23881770833333332 0.15026851851851852 0.01019791666666664 0.012393518518518517
1 0.015567708333333333 0.15900925925925924 0.014278645833333332 0.019509259259259268
1 0.20447916666666668 0.7222962962962963 0.009919270833333327 0.017717592592592583
1 0.3408489583333333 0.25687037037037036 0.006471354166666665 0.01179166666666662
1 0.7393489583333333 0.18634722222222222 0.01997916666666666 0.03499537037037036
1 0.7880885416666668 0.6742314814814815 0.013731770833333323 0.02070833333333333
1 0.8089791666666667 0.5897268518518518 0.011427083333333421 0.01478703703703705
1 0.6281223958333333 0.6409351851851852 0.016359374999999954 0.02661574074074065