1 0.4019270833333333 0.853824074074074 0.008367187499999984 0.016310185185185233
1 0.4483671875 0.7830833333333334 0.011781249999999965 0.021791666666666702
1 0.49818229166666667 0.8528101851851851 0.012216145833333303 0.02064814814814812
1 0.5187760416666667 0.8696203703703704 0.008671875000000107 0.014111111111110988
1 0.5978177083333333 0.7485277777777779 0.010507812499999991 0.019444444444444525
0 0.5503828125 0.5264629629629629 0.009317708333333341 0.01753240740740737
0 0.6375729166666667 0.4897314814814815 0.007356770833333304 0.01780092592592592
1 0.6706432291666666 0.4438888888888889 0.03589843749999999 0.09739351851851848
1 0.49069010416666664 0.5721018518518518 0.010195312500000053 0.01846296296296283
1 0.3596171875 0.805 0.00900260416666665 0.015990740740740843
1 0.23881770833333332 0.8497314814814815 0.01019791666666664 0.012393518518518616
1 0.015567708333333333 0.8409907407407408 0.014278645833333332 0.01950925925925932
1 0.20447916666666668 0.27770370370370373 0.009919270833333327 0.017717592592592583
1 0.3408489583333333 0.7431296296296296 0.006471354166666665 0.01179166666666672
1 0.7393489583333333 0.8136527777777778 0.01997916666666666 0.03499537037037036
1 0.7880885416666668 0.32576851851851857 0.013731770833333323 0.02070833333333333
1 0.8089791666666667 0.4102731481481482 0.011427083333333421 0.01478703703703705
1 0.6281223958333333 0.3590648148148148 0.016359374999999954 0.02661574074074065