1 0.7382473958333333 0.1851712962962963 0.01999218749999998 0.03349537037037035
1 0.598078125 0.25116666666666665 0.014070312499999904 0.027000000000000038
1 0.49859895833333323 0.14563888888888887 0.011619791666666657 0.024129629629629612
1 0.5191067708333333 0.12943055555555555 0.010421875000000025 0.01762037037037039
1 0.44944531249999997 0.21631018518518522 0.01785677083333337 0.032337962962962985
1 0.4034609375 0.14860648148148148 0.012330729166666665 0.018444444444444437
1 0.3603645833333333 0.19343055555555555 0.010070312500000012 0.01874074074074075
1 0.23928385416666667 0.14980092592592592 0.01266666666666666 0.01636111111111112
1 0.49171875 0.42687962962962955 0.01243749999999999 0.022810185185185183
0 0.5514296875 0.4749444444444445 0.010229166666666734 0.02065740740740749
0 0.6396796874999999 0.5094212962962962 0.008312499999999945 0.01903240740740743
1 0.6720130208333334 0.554587962962963 0.037802083333333236 0.10043055555555548
1 0.7900286458333333 0.6742685185185185 0.009971354166666613 0.020810185185185206
1 0.8096067708333333 0.5875324074074073 0.01495052083333337 0.01978703703703704
1 0.6295833333333333 0.6390787037037037 0.01928385416666667 0.029060185185185123
1 0.20570572916666666 0.7236805555555557 0.011351562500000023 0.019564814814814743
1 0.018783854166666666 0.16069907407407408 0.01746614583333333 0.027439814814814795
1 0.34150520833333337 0.25673148148148145 0.00777864583333332 0.01193055555555558