1 0.40178125 0.8525185185185185 0.010976562500000009 0.018092592592592598
1 0.36027604166666666 0.8054027777777778 0.009018229166666614 0.02175462962962962
1 0.23953385416666664 0.8494444444444444 0.00953645833333333 0.0160046296296296
1 0.44811979166666666 0.7829583333333333 0.016807291666666724 0.028555555555555518
1 0.49880208333333337 0.8525046296296296 0.012804687499999967 0.023268518518518633
1 0.5202291666666666 0.8698379629629629 0.011658854166666677 0.01742129629629632
1 0.5982916666666667 0.7483888888888889 0.011463541666666632 0.024620370370370362
1 0.4910703125 0.5736666666666667 0.01123697916666666 0.02000462962962975
0 0.6374322916666666 0.48876388888888894 0.010429687500000062 0.01894907407407409
0 0.5509296875 0.5249351851851851 0.007635416666666561 0.017625000000000075
1 0.6694218749999999 0.4491712962962963 0.030986979166666595 0.09196296296296286
1 0.7890026041666667 0.32514814814814813 0.01193229166666665 0.019912037037037048
1 0.80996875 0.4112824074074074 0.010442708333333384 0.01952777777777786
1 0.0174609375 0.8387268518518519 0.014658854166666666 0.02406481481481472
1 0.20442968749999998 0.27812499999999996 0.009960937499999989 0.01926851851851848
1 0.738390625 0.8126435185185186 0.021869791666666583 0.0340324074074074
1 0.6284895833333334 0.3598796296296296 0.02121614583333331 0.03483796296296306