1 0.40178125 0.14748148148148146 0.010976562500000009 0.018092592592592598
1 0.36027604166666666 0.1945972222222222 0.009018229166666614 0.02175462962962962
1 0.23953385416666664 0.15055555555555555 0.00953645833333333 0.01600462962962965
1 0.44811979166666666 0.2170416666666667 0.016807291666666724 0.02855555555555557
1 0.49880208333333337 0.14749537037037036 0.012804687499999967 0.023268518518518536
1 0.5202291666666666 0.13016203703703702 0.011658854166666677 0.01742129629629632
1 0.5982916666666667 0.2516111111111111 0.011463541666666632 0.024620370370370362
1 0.4910703125 0.4263333333333333 0.01123697916666666 0.020004629629629653
0 0.6374322916666666 0.5112361111111111 0.010429687500000062 0.01894907407407409
0 0.5509296875 0.47506481481481483 0.007635416666666561 0.017625000000000075
1 0.6694218749999999 0.5508287037037037 0.030986979166666595 0.09196296296296286
1 0.7890026041666667 0.6748518518518519 0.01193229166666665 0.019912037037037048
1 0.80996875 0.5887175925925926 0.010442708333333384 0.01952777777777786
1 0.0174609375 0.16127314814814817 0.014658854166666666 0.024064814814814817
1 0.20442968749999998 0.721875 0.009960937499999989 0.01926851851851848
1 0.738390625 0.18735648148148148 0.021869791666666583 0.0340324074074074
1 0.6284895833333334 0.6401203703703704 0.02121614583333331 0.03483796296296306