1 0.7384348958333333 0.8137685185185185 0.020893229166666583 0.03671759259259271
1 0.59771875 0.7497731481481481 0.01628645833333331 0.021939814814814836
1 0.4987734374999999 0.8536435185185185 0.014114583333333375 0.021532407407407323
1 0.51996875 0.8707175925925925 0.008885416666666757 0.016800925925925882
1 0.4023567708333333 0.8521296296296296 0.008523437499999953 0.017384259259259238
1 0.44923697916666666 0.7810833333333334 0.020768229166666652 0.03177777777777773
1 0.35973958333333333 0.8051064814814815 0.009648437499999996 0.018888888888888882
1 0.23968229166666666 0.8506296296296296 0.008429687500000005 0.013208333333333242
1 0.017632812499999997 0.8410277777777778 0.014682291666666666 0.018787037037037005
1 0.20430208333333333 0.2776435185185185 0.010307291666666663 0.017791666666666747
1 0.34165364583333335 0.7441203703703704 0.00858593750000003 0.013162037037036988
1 0.4906979166666667 0.5747361111111111 0.01168489583333332 0.023356481481481554
0 0.5505572916666667 0.5257222222222222 0.006710937500000069 0.013055555555555523
0 0.6372005208333333 0.4890509259259259 0.01010156250000005 0.016087962962962936
1 0.6733645833333333 0.4454074074074074 0.03882291666666671 0.10194444444444449
1 0.6287005208333334 0.35942129629629627 0.018122395833333416 0.02856481481481489
1 0.7885729166666666 0.3272731481481482 0.010997395833333368 0.02039814814814811
1 0.8093463541666667 0.41175 0.010578125000000105 0.015736111111111048