1 0.7384348958333333 0.1862314814814815 0.020893229166666583 0.036717592592592614
1 0.59771875 0.25022685185185184 0.01628645833333331 0.021939814814814836
1 0.4987734374999999 0.14635648148148148 0.01411458333333332 0.021532407407407424
1 0.51996875 0.1292824074074074 0.008885416666666757 0.01680092592592593
1 0.4023567708333333 0.14787037037037037 0.008523437499999953 0.017384259259259238
1 0.44923697916666666 0.21891666666666668 0.020768229166666652 0.03177777777777776
1 0.35973958333333333 0.19489351851851852 0.009648437499999996 0.018888888888888882
1 0.23968229166666666 0.14937037037037035 0.008429687500000005 0.013208333333333341
1 0.017632812499999997 0.1589722222222222 0.014682291666666666 0.018787037037037053
1 0.20430208333333333 0.7223564814814815 0.010307291666666663 0.017791666666666747
1 0.34165364583333335 0.2558796296296297 0.00858593750000003 0.013162037037037087
1 0.4906979166666667 0.4252638888888889 0.01168489583333332 0.023356481481481457
0 0.5505572916666667 0.4742777777777778 0.006710937500000069 0.013055555555555523
0 0.6372005208333333 0.5109490740740741 0.01010156250000005 0.016087962962962936
1 0.6733645833333333 0.5545925925925926 0.03882291666666671 0.10194444444444449
1 0.6287005208333334 0.6405787037037037 0.018122395833333416 0.02856481481481489
1 0.7885729166666666 0.6727268518518518 0.010997395833333368 0.02039814814814811
1 0.8093463541666667 0.5882499999999999 0.010578125000000105 0.015736111111111048