1 0.7377447916666666 0.18563888888888888 0.018562500000000037 0.028967592592592614
1 0.788828125 0.6733472222222222 0.010164062499999904 0.018217592592592605
1 0.8089088541666667 0.5894490740740741 0.01046093749999999 0.01556481481481479
1 0.6389192708333333 0.5089259259259259 0.009705729166666677 0.020328703703703727
0 0.5510598958333334 0.4759027777777778 0.009992187499999972 0.01645370370370378
1 0.6747786458333334 0.5555 0.031028645833333313 0.10211111111111117
1 0.4902916666666667 0.4270277777777778 0.011054687500000049 0.019666666666666624
1 0.4489036458333333 0.21752314814814816 0.01515364583333334 0.023870370370370382
1 0.40211718750000003 0.14637962962962964 0.00883333333333336 0.015967592592592568
1 0.4977838541666667 0.147 0.015510416666666693 0.02188425925925926
1 0.5192630208333333 0.12962037037037036 0.009200520833333226 0.015870370370370375
1 0.35975520833333335 0.19441203703703705 0.00947395833333331 0.01642129629629628
1 0.23881510416666665 0.15015740740740738 0.009789062500000001 0.012828703703703691
1 0.016864583333333336 0.1584537037037037 0.013419270833333332 0.02072685185185187
1 0.1713203125 0.44232870370370364 0.008304687500000019 0.014828703703703669
1 0.20516666666666666 0.7220277777777777 0.009059895833333331 0.017967592592592594
1 0.6275911458333333 0.6415000000000001 0.018265624999999952 0.02740740740740735
1 0.5985234374999999 0.25286574074074075 0.011424479166666668 0.02529166666666664