1 0.738390625 0.817324074074074 0.02268749999999997 0.03543055555555558
1 0.5978593750000001 0.7488657407407407 0.008864583333333398 0.017875000000000085
1 0.4490911458333333 0.7828009259259259 0.014968749999999975 0.021847222222222327
1 0.40159895833333337 0.8531064814814814 0.008882812500000004 0.016703703703703592
1 0.49794010416666656 0.8521666666666667 0.014528645833333353 0.023370370370370312
1 0.5188385416666667 0.8700648148148148 0.008992187500000082 0.015625
1 0.3597942708333333 0.8052962962962963 0.00955208333333335 0.015171296296296235
1 0.2391484375 0.8499444444444444 0.009171874999999996 0.013449074074074079
1 0.49118489583333336 0.5720787037037037 0.01064062499999996 0.01978703703703704
0 0.5505104166666667 0.5253472222222223 0.007679687500000032 0.015421296296296245
1 0.6386770833333333 0.48955555555555563 0.008526041666666595 0.020638888888888946
1 0.674890625 0.44537962962962957 0.03361718749999998 0.0994120370370371
1 0.6278671875 0.35717592592592595 0.016541666666666677 0.027467592592592557
1 0.7887578125 0.32707407407407413 0.010052083333333295 0.015148148148148109
1 0.8089010416666667 0.4112916666666668 0.011468749999999917 0.017069444444444432
1 0.016421875 0.8415787037037037 0.013984375 0.02196759259259255
1 0.20378906249999998 0.27649074074074076 0.010802083333333323 0.01711574074074069
1 0.17129166666666668 0.5575462962962963 0.010078124999999993 0.012592592592592588