1 0.738390625 0.18267592592592594 0.02268749999999997 0.035430555555555535
1 0.5978593750000001 0.25113425925925925 0.008864583333333398 0.017874999999999988
1 0.4490911458333333 0.21719907407407404 0.014968749999999975 0.021847222222222226
1 0.40159895833333337 0.14689351851851853 0.008882812500000004 0.01670370370370369
1 0.49794010416666656 0.14783333333333334 0.014528645833333353 0.02337037037037036
1 0.5188385416666667 0.1299351851851852 0.008992187500000082 0.015625
1 0.3597942708333333 0.1947037037037037 0.00955208333333335 0.015171296296296285
1 0.2391484375 0.15005555555555555 0.009171874999999996 0.013449074074074079
1 0.49118489583333336 0.42792129629629627 0.01064062499999996 0.01978703703703704
0 0.5505104166666667 0.47465277777777776 0.007679687500000032 0.015421296296296245
1 0.6386770833333333 0.5104444444444444 0.008526041666666595 0.020638888888888946
1 0.674890625 0.5546203703703704 0.03361718749999998 0.0994120370370371
1 0.6278671875 0.642824074074074 0.016541666666666677 0.027467592592592557
1 0.7887578125 0.6729259259259259 0.010052083333333295 0.015148148148148109
1 0.8089010416666667 0.5887083333333333 0.011468749999999917 0.017069444444444432
1 0.016421875 0.15842129629629628 0.013984375 0.021967592592592598
1 0.20378906249999998 0.7235092592592592 0.010802083333333323 0.01711574074074069
1 0.17129166666666668 0.44245370370370374 0.010078124999999993 0.012592592592592588