1 0.7386354166666667 0.18506944444444443 0.018882812500000012 0.03199537037037034
1 0.5977682291666666 0.25158796296296293 0.009085937500000085 0.018449074074074073
1 0.519078125 0.13025462962962964 0.01009114583333326 0.016217592592592575
1 0.4017161458333333 0.14763888888888888 0.011138020833333373 0.015629629629629636
1 0.448109375 0.2181574074074074 0.014606770833333282 0.02552777777777779
1 0.4907942708333333 0.42747222222222225 0.011018229166666615 0.021791666666666702
1 0.63775 0.5106064814814815 0.012026041666666654 0.021550925925925866
0 0.5506744791666667 0.4749814814814815 0.010361979166666702 0.017157407407407357
1 0.6724739583333333 0.5521666666666667 0.03880208333333335 0.10531944444444442
1 0.7893098958333333 0.6741990740740741 0.011749999999999927 0.01830092592592594
1 0.8082630208333333 0.5888333333333333 0.013856770833333254 0.016648148148148165
1 0.6278072916666667 0.6401805555555555 0.017088541666666623 0.02998148148148141
1 0.49814843750000004 0.1462175925925926 0.014158854166666623 0.023074074074074098
1 0.3589557291666667 0.19521296296296298 0.009513020833333385 0.01627314814814815
1 0.23891927083333334 0.15003240740740742 0.012078124999999995 0.015916666666666676
1 0.3409583333333333 0.2565925925925926 0.007872395833333323 0.013675925925925961
1 0.016874999999999998 0.15923148148148147 0.013859375 0.022745370370370388
1 0.17054427083333332 0.4424490740740741 0.010213541666666659 0.0163842592592593
1 0.20478385416666667 0.7232453703703704 0.01222395833333334 0.01932870370370369