1 0.7386354166666667 0.8149305555555555 0.018882812500000012 0.031995370370370244
1 0.5977682291666666 0.7484120370370371 0.009085937500000085 0.018449074074074073
1 0.519078125 0.8697453703703704 0.01009114583333326 0.016217592592592527
1 0.4017161458333333 0.8523611111111111 0.011138020833333373 0.015629629629629587
1 0.448109375 0.7818425925925925 0.014606770833333282 0.02552777777777769
1 0.4907942708333333 0.5725277777777777 0.011018229166666615 0.021791666666666702
1 0.63775 0.48939351851851853 0.012026041666666654 0.021550925925925866
0 0.5506744791666667 0.5250185185185186 0.010361979166666702 0.017157407407407357
1 0.6724739583333333 0.4478333333333333 0.03880208333333335 0.10531944444444442
1 0.7893098958333333 0.32580092592592597 0.011749999999999927 0.01830092592592594
1 0.8082630208333333 0.4111666666666667 0.013856770833333254 0.016648148148148165
1 0.6278072916666667 0.35981944444444447 0.017088541666666623 0.02998148148148141
1 0.49814843750000004 0.8537824074074074 0.014158854166666623 0.02307407407407405
1 0.3589557291666667 0.804787037037037 0.009513020833333385 0.01627314814814815
1 0.23891927083333334 0.8499675925925926 0.012078124999999995 0.015916666666666676
1 0.3409583333333333 0.7434074074074074 0.007872395833333323 0.013675925925925961
1 0.016874999999999998 0.8407685185185185 0.013859375 0.022745370370370485
1 0.17054427083333332 0.5575509259259258 0.010213541666666659 0.0163842592592592
1 0.20478385416666667 0.2767546296296296 0.01222395833333334 0.01932870370370369