1 0.4477578125 0.21669444444444444 0.012755208333333323 0.022453703703703712
1 0.4020625 0.1482638888888889 0.011716145833333358 0.01770370370370373
1 0.4792838541666667 0.27703240740740737 0.013226562499999983 0.026310185185185218
1 0.5193958333333333 0.12994907407407408 0.010143229166666767 0.015842592592592613
1 0.5979010416666667 0.2519907407407407 0.011882812499999895 0.02003703703703705
1 0.7375546875 0.18554166666666666 0.0213151041666666 0.03941666666666668
1 0.49011979166666664 0.4279861111111111 0.01260677083333328 0.02158333333333336
0 0.5499635416666667 0.4748518518518519 0.00830729166666666 0.01727314814814819
1 0.6379114583333333 0.5109259259259259 0.013286458333333417 0.024055555555555545
1 0.673671875 0.556675925925926 0.03278645833333327 0.10165277777777781
1 0.7879010416666666 0.6728703703703705 0.011320312500000096 0.02254166666666673
1 0.8082916666666667 0.5894351851851852 0.011036458333333332 0.015592592592592503
1 0.6279036458333334 0.6427731481481482 0.021432291666666714 0.03048148148148143
1 0.20442968749999998 0.7238657407407407 0.011872395833333327 0.02092592592592584
1 0.016106770833333332 0.1584537037037037 0.01500260416666667 0.017916666666666654
1 0.17031510416666668 0.4433657407407407 0.010132812499999977 0.01479629629629632
1 0.23919791666666665 0.14983333333333335 0.00826822916666664 0.01597685185185184
1 0.359640625 0.19418055555555555 0.010570312499999956 0.018444444444444437
1 0.34184895833333334 0.25701851851851854 0.007447916666666665 0.01339814814814814
1 0.4972447916666667 0.14624537037037036 0.01355989583333339 0.027569444444444438