1 0.4477578125 0.7833055555555555 0.012755208333333323 0.02245370370370381
1 0.4020625 0.8517361111111111 0.011716145833333358 0.017703703703703628
1 0.4792838541666667 0.7229675925925927 0.013226562499999983 0.026310185185185218
1 0.5193958333333333 0.8700509259259259 0.010143229166666767 0.015842592592592512
1 0.5979010416666667 0.7480092592592593 0.011882812499999895 0.02003703703703705
1 0.7375546875 0.8144583333333333 0.0213151041666666 0.03941666666666678
1 0.49011979166666664 0.5720138888888889 0.01260677083333328 0.02158333333333336
0 0.5499635416666667 0.5251481481481481 0.00830729166666666 0.01727314814814819
1 0.6379114583333333 0.48907407407407416 0.013286458333333417 0.024055555555555545
1 0.673671875 0.4433240740740741 0.03278645833333327 0.10165277777777781
1 0.7879010416666666 0.32712962962962955 0.011320312500000096 0.02254166666666673
1 0.8082916666666667 0.41056481481481477 0.011036458333333332 0.015592592592592503
1 0.6279036458333334 0.35722685185185177 0.021432291666666714 0.03048148148148143
1 0.20442968749999998 0.2761342592592593 0.011872395833333327 0.02092592592592584
1 0.016106770833333332 0.8415462962962963 0.01500260416666667 0.017916666666666754
1 0.17031510416666668 0.5566342592592594 0.010132812499999977 0.014796296296296418
1 0.23919791666666665 0.8501666666666667 0.00826822916666664 0.015976851851851888
1 0.359640625 0.8058194444444444 0.010570312499999956 0.018444444444444485
1 0.34184895833333334 0.7429814814814815 0.007447916666666665 0.013398148148148239
1 0.4972447916666667 0.8537546296296297 0.01355989583333339 0.027569444444444438