1 0.7389713541666667 0.81525 0.015544270833333318 0.03157407407407398
1 0.5971510416666667 0.7482175925925927 0.010380208333333307 0.019620370370370368
1 0.4480651041666666 0.7823611111111111 0.01610937499999998 0.028509259259259265
1 0.49691927083333337 0.8528611111111111 0.014083333333333337 0.02171296296296295
1 0.519015625 0.8697916666666666 0.009773437500000037 0.017055555555555674
1 0.4019296875 0.8527777777777777 0.011059895833333333 0.015615740740740632
1 0.36058333333333337 0.8038703703703703 0.012846354166666685 0.01817129629629635
1 0.238921875 0.8490185185185185 0.010843749999999985 0.01688425925925922
1 0.4900598958333333 0.5727129629629629 0.011705729166666679 0.02087962962962959
1 0.5500572916666666 0.5257916666666667 0.009281249999999908 0.017375000000000067
0 0.6387265625 0.48944907407407406 0.009442708333333272 0.01913888888888889
1 0.6726432291666666 0.44542129629629623 0.034252604166666645 0.10232870370370367
1 0.6272265625000001 0.3603981481481482 0.018124999999999947 0.03040277777777768
1 0.7880078125 0.3265972222222222 0.009184895833333373 0.01873611111111116
1 0.8082604166666666 0.4115231481481482 0.011361979166666591 0.015759259259259178
1 0.20461197916666668 0.27585648148148145 0.011843749999999986 0.018703703703703667
1 0.01882291666666667 0.840037037037037 0.018091145833333336 0.022328703703703805
1 0.17130729166666667 0.5566249999999999 0.008992187500000026 0.01829166666666657