1 0.7389713541666667 0.18475 0.015544270833333318 0.031574074074074074
1 0.5971510416666667 0.2517824074074074 0.010380208333333307 0.019620370370370368
1 0.4480651041666666 0.21763888888888885 0.01610937499999998 0.02850925925925924
1 0.49691927083333337 0.14713888888888887 0.014083333333333337 0.02171296296296295
1 0.519015625 0.13020833333333334 0.009773437500000037 0.017055555555555577
1 0.4019296875 0.14722222222222223 0.011059895833333333 0.015615740740740729
1 0.36058333333333337 0.19612962962962963 0.012846354166666685 0.0181712962962963
1 0.238921875 0.1509814814814815 0.010843749999999985 0.01688425925925927
1 0.4900598958333333 0.427287037037037 0.011705729166666679 0.02087962962962959
1 0.5500572916666666 0.47420833333333334 0.009281249999999908 0.017375000000000067
0 0.6387265625 0.510550925925926 0.009442708333333272 0.01913888888888889
1 0.6726432291666666 0.5545787037037038 0.034252604166666645 0.10232870370370367
1 0.6272265625000001 0.6396018518518518 0.018124999999999947 0.03040277777777768
1 0.7880078125 0.6734027777777778 0.009184895833333373 0.01873611111111116
1 0.8082604166666666 0.5884768518518517 0.011361979166666591 0.015759259259259178
1 0.20461197916666668 0.7241435185185185 0.011843749999999986 0.018703703703703667
1 0.01882291666666667 0.15996296296296297 0.018091145833333336 0.022328703703703705
1 0.17130729166666667 0.443375 0.008992187500000026 0.01829166666666662