1 0.7374765624999999 0.18614814814814815 0.019596354166666607 0.030199074074074073
1 0.5972604166666666 0.25170833333333337 0.009815104166666755 0.018773148148148146
1 0.49738802083333333 0.14691203703703704 0.01306510416666673 0.021949074074074055
1 0.44824479166666664 0.21703703703703703 0.014903645833333368 0.02452314814814817
1 0.40164322916666667 0.14664814814814814 0.010486979166666632 0.017254629629629648
1 0.23842187499999998 0.15022222222222223 0.00827864583333332 0.013273148148148136
1 0.3594036458333333 0.1960324074074074 0.009312499999999946 0.017287037037037045
1 0.4904140625 0.42775925925925923 0.01006770833333337 0.019736111111111104
1 0.5498255208333334 0.4751898148148148 0.010773437499999927 0.01516666666666665
0 0.6373802083333333 0.5114212962962963 0.00854166666666667 0.0152777777777777
1 0.6717682291666667 0.5533796296296296 0.036565104166666584 0.09366666666666666
1 0.6275130208333334 0.6420694444444445 0.01875520833333333 0.025032407407407458
1 0.7878177083333333 0.674962962962963 0.009382812499999948 0.016000000000000014
1 0.8082890625 0.5893333333333334 0.01108072916666658 0.01365740740740742
1 0.340484375 0.25757407407407407 0.007979166666666648 0.012449074074074041
1 0.016851562499999997 0.15994907407407408 0.015161458333333329 0.020981481481481466
1 0.1716302083333333 0.44169444444444433 0.006135416666666671 0.01585185185185188
1 0.20374739583333332 0.7233148148148147 0.009682291666666676 0.016458333333333366