1 0.7388098958333333 0.1847962962962963 0.02017187499999995 0.03775462962962964
1 0.5977630208333333 0.2514953703703704 0.013111979166666732 0.022171296296296304
1 0.44835416666666666 0.21718055555555557 0.01675781249999997 0.02532870370370372
1 0.4978671875 0.14647685185185186 0.013690104166666717 0.026129629629629638
1 0.518640625 0.12926851851851853 0.01180989583333325 0.017444444444444446
1 0.4020651041666667 0.14716666666666667 0.009505208333333348 0.01803240740740739
1 0.35967187500000003 0.1946064814814815 0.01080989583333336 0.022166666666666668
1 0.23906770833333332 0.1509490740740741 0.011875000000000024 0.017467592592592576
1 0.34112760416666665 0.2562685185185185 0.008765624999999999 0.01682407407407411
1 0.49054427083333335 0.4263472222222222 0.011997395833333369 0.02378240740740741
1 0.5505338541666667 0.4751898148148148 0.010838541666666757 0.025305555555555595
0 0.6383984374999999 0.5102314814814815 0.010578125000000105 0.020902777777777715
1 0.6745598958333333 0.5563333333333333 0.034906249999999917 0.09819907407407413
1 0.7889140625 0.6731018518518519 0.01143749999999999 0.018865740740740752
1 0.8084270833333334 0.5887453703703704 0.011026041666666764 0.015587962962962918
1 0.018213541666666666 0.15952777777777777 0.019833333333333328 0.02406018518518518
1 0.20439583333333333 0.7233101851851851 0.011617187500000015 0.022078703703703795
1 0.17148697916666666 0.4424490740740741 0.008963541666666686 0.015134259259259252
1 0.6283359374999999 0.6416435185185185 0.01528906249999995 0.023699074074074074