1 0.7372239583333333 0.8142314814814815 0.01847656250000007 0.03193055555555565
1 0.59653125 0.7480925925925926 0.010763020833333359 0.019037037037037012
1 0.49777083333333333 0.8521805555555555 0.014664062499999964 0.025537037037037063
1 0.40158854166666663 0.8520601851851851 0.010356770833333306 0.01874074074074075
1 0.44853645833333333 0.7818703703703703 0.016166666666666663 0.028912037037036993
1 0.49007812500000003 0.5724444444444444 0.01165104166666664 0.02192592592592588
1 0.5501822916666667 0.5254537037037037 0.009624999999999995 0.02001851851851851
0 0.6382265625 0.49106018518518524 0.008041666666666725 0.021060185185185216
1 0.6731067708333334 0.4445185185185186 0.033757812499999984 0.10182407407407407
1 0.80778125 0.4106157407407408 0.011614583333333428 0.01477777777777768
1 0.7877265625 0.3261342592592593 0.010106770833333334 0.019226851851851814
1 0.3587213541666667 0.8049444444444445 0.008757812499999962 0.01882870370370367
1 0.24016145833333333 0.8488009259259259 0.011166666666666658 0.016458333333333366
1 0.3412161458333333 0.7425555555555555 0.008388020833333343 0.013398148148148041
1 0.5192838541666667 0.8707731481481482 0.01067447916666664 0.01914814814814826
1 0.017010416666666663 0.8407962962962964 0.014718750000000003 0.02103703703703709
1 0.20438802083333332 0.2781990740740741 0.008028645833333348 0.01633333333333336