1 0.7372239583333333 0.1857685185185185 0.01847656250000007 0.031930555555555545
1 0.59653125 0.2519074074074074 0.010763020833333359 0.019037037037037012
1 0.49777083333333333 0.14781944444444445 0.014664062499999964 0.02553703703703701
1 0.40158854166666663 0.14793981481481483 0.010356770833333306 0.01874074074074075
1 0.44853645833333333 0.21812962962962965 0.016166666666666663 0.02891203703703704
1 0.49007812500000003 0.4275555555555555 0.01165104166666664 0.02192592592592588
1 0.5501822916666667 0.4745462962962963 0.009624999999999995 0.02001851851851851
0 0.6382265625 0.5089398148148148 0.008041666666666725 0.021060185185185216
1 0.6731067708333334 0.5554814814814814 0.033757812499999984 0.10182407407407407
1 0.80778125 0.5893842592592592 0.011614583333333428 0.01477777777777768
1 0.7877265625 0.6738657407407407 0.010106770833333334 0.019226851851851814
1 0.3587213541666667 0.19505555555555554 0.008757812499999962 0.018828703703703722
1 0.24016145833333333 0.15119907407407407 0.011166666666666658 0.016458333333333314
1 0.3412161458333333 0.2574444444444445 0.008388020833333343 0.01339814814814814
1 0.5192838541666667 0.12922685185185184 0.01067447916666664 0.01914814814814816
1 0.017010416666666663 0.1592037037037037 0.014718750000000003 0.021037037037037038
1 0.20438802083333332 0.7218009259259258 0.008028645833333348 0.01633333333333336