1 0.7369583333333334 0.18714351851851851 0.020908854166666657 0.03420370370370371
1 0.5969505208333333 0.25322685185185184 0.012309895833333417 0.021171296296296264
1 0.5187604166666666 0.1297037037037037 0.0100703124999999 0.013893518518518524
1 0.498234375 0.1479861111111111 0.013414062500000101 0.023657407407407405
1 0.4020078125 0.14840277777777777 0.011119791666666656 0.020013888888888873
1 0.35934895833333336 0.1955601851851852 0.01124739583333334 0.017527777777777784
1 0.44826041666666666 0.21833333333333338 0.013572916666666712 0.026587962962962938
1 0.3401484375 0.25713425925925926 0.006356770833333303 0.0118611111111111
1 0.23879947916666666 0.15011574074074074 0.007223958333333336 0.014509259259259277
1 0.49028645833333334 0.42794444444444446 0.010505208333333349 0.019888888888888918
1 0.5500390625 0.4742361111111111 0.010635416666666675 0.02162500000000003
1 0.6385104166666666 0.5113240740740741 0.008726562499999924 0.016120370370370434
1 0.6725338541666667 0.5555046296296298 0.031117187500000032 0.09778240740740746
1 0.6272552083333333 0.6408657407407408 0.01972395833333329 0.027990740740740705
0 0.7875390625 0.6746851851851852 0.011911458333333291 0.019675925925925992
1 0.8076458333333334 0.5883333333333334 0.009403645833333307 0.014509259259259326
1 0.016505208333333334 0.15775 0.012065104166666667 0.019356481481481502
1 0.17002864583333333 0.4434398148148148 0.009158854166666675 0.0188518518518518
1 0.2037109375 0.7231296296296297 0.011604166666666693 0.019759259259259327