1 0.016158854166666667 0.15593055555555557 0.013583333333333334 0.01548611111111109
1 0.20394791666666665 0.7238981481481481 0.011921875000000026 0.021541666666666695
1 0.23923177083333333 0.1494537037037037 0.009744791666666641 0.01569444444444443
1 0.35951822916666665 0.19415277777777776 0.00899218749999997 0.016810185185185202
1 0.40206770833333333 0.1491527777777778 0.009583333333333388 0.01818981481481479
1 0.448671875 0.2165462962962963 0.011750000000000038 0.02365277777777777
1 0.4976979166666667 0.14625 0.014398437500000028 0.02400000000000002
1 0.5188151041666667 0.13048148148148148 0.010895833333333327 0.013370370370370378
1 0.3407135416666666 0.2556759259259259 0.008841145833333286 0.015949074074074074
1 0.5974479166666666 0.25363425925925925 0.00873177083333343 0.015740740740740736
1 0.49023958333333334 0.4282175925925926 0.012552083333333353 0.0210648148148148
1 0.5505781249999999 0.47541203703703705 0.00951822916666667 0.017879629629629672
1 0.638625 0.5104398148148148 0.008752604166666567 0.016685185185185247
1 0.6665807291666667 0.5489861111111112 0.029815104166666773 0.08758333333333329
1 0.6276718750000001 0.6395462962962963 0.01952083333333343 0.028638888888888856
1 0.8088098958333333 0.5896851851851852 0.010658854166666565 0.015648148148148126
0 0.7879088541666667 0.6736666666666666 0.01067447916666664 0.015560185185185205
1 0.7375208333333333 0.1869074074074074 0.018799479166666577 0.03251851851851849
1 0.17120052083333331 0.44271296296296303 0.007677083333333334 0.015587962962962967