1 0.4077630208333333 0.7349768518518519 0.010919270833333328 0.018476851851851786
1 0.5327473958333333 0.3431527777777778 0.010781249999999964 0.01860185185185179
1 0.566640625 0.12312962962962962 0.011700520833333394 0.02327314814814822
1 0.6750468749999999 0.7167916666666666 0.010533854166666634 0.019333333333333275
1 0.7389817708333334 0.6154768518518519 0.00813802083333326 0.017398148148148194
1 0.8102005208333334 0.6626944444444445 0.009023437500000009 0.021777777777777747
1 0.8732734375 0.7124398148148148 0.012283854166666774 0.019550925925925985
1 0.9323828125 0.6236435185185185 0.021950520833333265 0.03580092592592581
1 0.9934869791666666 0.7023425925925926 0.013026041666666766 0.024305555555555556
1 0.9873489583333334 0.3646620370370371 0.01551302083333339 0.028847222222222198
1 0.5652578125000001 0.41308796296296296 0.007328124999999908 0.01614351851851856