1 0.4077630208333333 0.26502314814814815 0.010919270833333328 0.018476851851851883
1 0.5327473958333333 0.6568472222222222 0.010781249999999964 0.01860185185185179
1 0.566640625 0.8768703703703704 0.011700520833333394 0.02327314814814822
1 0.6750468749999999 0.28320833333333334 0.010533854166666634 0.019333333333333376
1 0.7389817708333334 0.38452314814814814 0.00813802083333326 0.017398148148148194
1 0.8102005208333334 0.3373055555555556 0.009023437500000009 0.021777777777777747
1 0.8732734375 0.2875601851851852 0.012283854166666774 0.01955092592592589
1 0.9323828125 0.3763564814814815 0.021950520833333265 0.03580092592592591
1 0.9934869791666666 0.2976574074074074 0.013026041666666766 0.024305555555555556
1 0.9873489583333334 0.635337962962963 0.01551302083333339 0.028847222222222198
1 0.5652578125000001 0.586912037037037 0.007328124999999908 0.01614351851851856