1 0.40191666666666664 0.8531296296296297 0.008562500000000028 0.014749999999999966
1 0.35962760416666667 0.8037962962962963 0.008723958333333282 0.01516666666666665
1 0.4484192708333333 0.7807731481481481 0.015408854166666708 0.02846296296296301
1 0.4978880208333334 0.8523611111111111 0.013169270833333302 0.023847222222222204
1 0.5188802083333334 0.8692685185185185 0.008671875000000107 0.016231481481481482
1 0.5972057291666667 0.7470462962962964 0.00888020833333325 0.014296296296296399
1 0.7371302083333333 0.8113148148148148 0.019197916666666703 0.033388888888888836
1 0.5509713541666666 0.5239212962962964 0.011638020833333318 0.019166666666666603
1 0.6386536458333333 0.4891435185185185 0.010148437500000052 0.02070370370370374
1 0.6722604166666667 0.4455601851851852 0.03428125000000004 0.09981018518518524
1 0.6276614583333333 0.3580185185185185 0.017640625000000076 0.025490740740740807
0 0.7891015625 0.32506944444444447 0.010622395833333353 0.019333333333333275
1 0.8079817708333333 0.41079166666666667 0.010973958333333256 0.01667592592592588
1 0.49085677083333334 0.5714537037037037 0.012708333333333321 0.020847222222222288
1 0.3413333333333333 0.7416296296296296 0.008414062499999986 0.013541666666666587
1 0.2390703125 0.8496064814814814 0.008231770833333318 0.013740740740740756
1 0.0168125 0.8408981481481481 0.012932291666666665 0.02359259259259261
1 0.170609375 0.5568287037037037 0.00933333333333336 0.01785185185185176
1 0.20404947916666666 0.2768842592592592 0.010463541666666687 0.015444444444444372