1 0.40191666666666664 0.14687037037037037 0.008562500000000028 0.014750000000000017
1 0.35962760416666667 0.1962037037037037 0.008723958333333282 0.01516666666666665
1 0.4484192708333333 0.21922685185185184 0.015408854166666708 0.028462962962962936
1 0.4978880208333334 0.14763888888888888 0.013169270833333357 0.023847222222222204
1 0.5188802083333334 0.13073148148148148 0.008671875000000107 0.016231481481481482
1 0.5972057291666667 0.25295370370370374 0.00888020833333325 0.0142962962962963
1 0.7371302083333333 0.18868518518518518 0.019197916666666703 0.033388888888888885
1 0.5509713541666666 0.47607870370370364 0.011638020833333318 0.019166666666666603
1 0.6386536458333333 0.5108564814814814 0.010148437500000052 0.02070370370370374
1 0.6722604166666667 0.5544398148148147 0.03428125000000004 0.09981018518518524
1 0.6276614583333333 0.6419814814814815 0.017640625000000076 0.025490740740740807
0 0.7891015625 0.6749305555555556 0.010622395833333353 0.019333333333333275
1 0.8079817708333333 0.5892083333333333 0.010973958333333256 0.01667592592592588
1 0.49085677083333334 0.42854629629629626 0.012708333333333321 0.02084722222222219
1 0.3413333333333333 0.25837037037037036 0.008414062499999986 0.013541666666666686
1 0.2390703125 0.1503935185185185 0.008231770833333318 0.013740740740740756
1 0.0168125 0.15910185185185186 0.012932291666666665 0.02359259259259261
1 0.170609375 0.44317129629629626 0.00933333333333336 0.01785185185185181
1 0.20404947916666666 0.7231157407407408 0.010463541666666687 0.015444444444444372