1 0.7383619791666667 0.18640277777777778 0.019591145833333323 0.034550925925925915
1 0.5970963541666666 0.2519259259259259 0.008861979166666645 0.015662037037037082
1 0.5195104166666666 0.13007407407407406 0.008588541666666671 0.01690277777777776
1 0.403328125 0.14753703703703705 0.010447916666666668 0.018425925925925943
1 0.44922395833333334 0.2170601851851852 0.013315104166666702 0.025351851851851848
1 0.4984739583333333 0.14701851851851852 0.01411458333333332 0.02110648148148147
1 0.491015625 0.42707407407407405 0.010471354166666669 0.01858796296296293
1 0.5511223958333333 0.47496759259259264 0.01044010416666663 0.020111111111111017
1 0.6389270833333334 0.5102824074074074 0.010695312499999998 0.018745370370370336
1 0.6718255208333334 0.5535231481481481 0.03724218749999997 0.10225462962962971
1 0.6283151041666667 0.6413333333333333 0.016606770833333284 0.024768518518518492
0 0.7898515625 0.6739305555555556 0.011096354166666655 0.018708333333333254
1 0.8087473958333333 0.5883287037037036 0.010893229166666574 0.0167314814814815
1 0.35959635416666663 0.19479166666666667 0.008994791666666613 0.015699074074074067
1 0.34079427083333336 0.2574490740740741 0.008546874999999954 0.01408796296296296
1 0.239578125 0.1494537037037037 0.008197916666666638 0.014837962962962938
1 0.018208333333333333 0.1595324074074074 0.01595572916666667 0.02461111111111109
1 0.17073958333333333 0.4430324074074074 0.008716145833333355 0.017101851851851882
1 0.20509375 0.7230648148148148 0.011872395833333327 0.018995370370370343
1 0.5417708333333333 0.19981018518518517 0.010846354166666572 0.02156481481481482