1 0.7367395833333333 0.8130092592592593 0.02260416666666676 0.034069444444444485
1 0.5192916666666666 0.8703425925925926 0.010325520833333268 0.01627314814814815
1 0.49829427083333333 0.852300925925926 0.015830729166666613 0.018824074074074087
1 0.5975 0.7460925925925925 0.013059895833333224 0.018888888888888882
1 0.44958333333333333 0.7814814814814814 0.016205729166666627 0.02758333333333339
1 0.4020182291666667 0.8519907407407408 0.011187500000000017 0.01820370370370365
1 0.49144270833333337 0.573375 0.014005208333333297 0.02529629629629642
1 0.5515260416666667 0.5243564814814814 0.012622395833333355 0.025226851851851844
1 0.6384661458333334 0.4881712962962963 0.011867187500000043 0.021842592592592542
1 0.3598828125 0.8049398148148148 0.012138020833333374 0.020402777777777895
1 0.34066927083333337 0.744263888888889 0.008638020833333315 0.01633333333333336
1 0.23793229166666666 0.851337962962963 0.009932291666666648 0.020749999999999998
1 0.016606770833333333 0.842300925925926 0.01294791666666667 0.021439814814814814
1 0.17034375 0.5587453703703704 0.009570312500000011 0.01605555555555564
1 0.20470572916666668 0.2778101851851852 0.012635416666666677 0.020333333333333314
1 0.6283697916666666 0.3589074074074074 0.02031510416666671 0.03324074074074071
1 0.6715885416666667 0.44273148148148145 0.0348046875000001 0.10154166666666677
0 0.7893854166666666 0.3279305555555555 0.011934895833333403 0.018199074074074062
1 0.8088880208333333 0.41154629629629635 0.012520833333333314 0.019856481481481423