1 0.7367395833333333 0.18699074074074074 0.02260416666666676 0.03406944444444444
1 0.5192916666666666 0.1296574074074074 0.010325520833333268 0.01627314814814815
1 0.49829427083333333 0.14769907407407407 0.015830729166666613 0.018824074074074087
1 0.5975 0.25390740740740747 0.013059895833333224 0.018888888888888882
1 0.44958333333333333 0.2185185185185185 0.016205729166666627 0.02758333333333334
1 0.4020182291666667 0.14800925925925926 0.011187500000000017 0.018203703703703698
1 0.49144270833333337 0.426625 0.014005208333333297 0.025296296296296324
1 0.5515260416666667 0.4756435185185186 0.012622395833333355 0.025226851851851844
1 0.6384661458333334 0.5118287037037037 0.011867187500000043 0.021842592592592542
1 0.3598828125 0.19506018518518517 0.012138020833333374 0.020402777777777794
1 0.34066927083333337 0.2557361111111111 0.008638020833333315 0.01633333333333336
1 0.23793229166666666 0.14866203703703704 0.009932291666666648 0.020749999999999998
1 0.016606770833333333 0.15769907407407407 0.012947916666666668 0.021439814814814814
1 0.17034375 0.44125462962962964 0.009570312500000011 0.016055555555555587
1 0.20470572916666668 0.7221898148148148 0.012635416666666677 0.020333333333333314
1 0.6283697916666666 0.6410925925925927 0.02031510416666671 0.03324074074074071
1 0.6715885416666667 0.5572685185185186 0.0348046875000001 0.10154166666666677
0 0.7893854166666666 0.6720694444444445 0.011934895833333403 0.018199074074074062
1 0.8088880208333333 0.5884537037037036 0.012520833333333314 0.019856481481481423