1 0.7376979166666667 0.18627314814814816 0.02162760416666676 0.03709722222222221
1 0.597890625 0.2535 0.011385416666666703 0.01982870370370371
1 0.542078125 0.19883796296296297 0.010804687500000076 0.02161574074074076
1 0.5194088541666666 0.12925925925925927 0.009247395833333227 0.01726388888888887
1 0.49854166666666666 0.14706944444444445 0.012888020833333291 0.021300925925925904
1 0.4487552083333333 0.21735185185185182 0.011036458333333332 0.025370370370370363
1 0.4024713541666667 0.14722685185185186 0.010161458333333373 0.01710185185185183
1 0.3597708333333333 0.19456018518518517 0.010106770833333334 0.01644444444444446
1 0.2394375 0.15090740740740738 0.008669270833333353 0.01713425925925928
1 0.49134374999999997 0.42660185185185184 0.011497395833333313 0.018009259259259263
1 0.5508255208333334 0.47338425925925925 0.010533854166666634 0.01850925925925928
1 0.6385651041666667 0.5106759259259258 0.009606770833333389 0.015254629629629571
1 0.6705729166666666 0.55475 0.03586458333333331 0.09944907407407398
0 0.7892499999999999 0.6731527777777777 0.010195312500000053 0.015879629629629594
1 0.8087369791666666 0.5880601851851852 0.008244791666666584 0.01434722222222224
1 0.6279791666666666 0.6404537037037037 0.016674479166666645 0.02211574074074068
1 0.016205729166666665 0.1577685185185185 0.0152734375 0.016759259259259265
1 0.17096354166666666 0.4430833333333333 0.00973177083333332 0.01769444444444441
1 0.20425000000000001 0.7227731481481482 0.009679687499999978 0.016972222222222142
1 0.341109375 0.2571851851851852 0.007687499999999958 0.011398148148148164