1 0.7376979166666667 0.8137268518518518 0.02162760416666676 0.03709722222222231
1 0.597890625 0.7465 0.011385416666666703 0.01982870370370371
1 0.542078125 0.801162037037037 0.010804687500000076 0.02161574074074066
1 0.5194088541666666 0.8707407407407408 0.009247395833333227 0.017263888888888818
1 0.49854166666666666 0.8529305555555555 0.012888020833333291 0.021300925925925855
1 0.4487552083333333 0.7826481481481482 0.011036458333333332 0.02537037037037039
1 0.4024713541666667 0.8527731481481482 0.010161458333333373 0.017101851851851733
1 0.3597708333333333 0.8054398148148149 0.010106770833333334 0.01644444444444441
1 0.2394375 0.8490925925925926 0.008669270833333353 0.017134259259259228
1 0.49134374999999997 0.5733981481481482 0.011497395833333313 0.018009259259259263
1 0.5508255208333334 0.5266157407407408 0.010533854166666634 0.01850925925925928
1 0.6385651041666667 0.48932407407407413 0.009606770833333389 0.015254629629629571
1 0.6705729166666666 0.44525 0.03586458333333331 0.09944907407407398
0 0.7892499999999999 0.32684722222222223 0.010195312500000053 0.015879629629629594
1 0.8087369791666666 0.4119398148148148 0.008244791666666584 0.01434722222222224
1 0.6279791666666666 0.35954629629629625 0.016674479166666645 0.02211574074074068
1 0.016205729166666665 0.8422314814814815 0.0152734375 0.016759259259259213
1 0.17096354166666666 0.5569166666666667 0.00973177083333332 0.017694444444444457
1 0.20425000000000001 0.2772268518518518 0.009679687499999978 0.016972222222222142
1 0.341109375 0.7428148148148148 0.007687499999999958 0.011398148148148164