1 0.7383151041666667 0.1848101851851852 0.018166666666666664 0.03425000000000002
1 0.5974739583333334 0.2522175925925926 0.01233593750000006 0.020657407407407388
1 0.5185338541666666 0.12987962962962965 0.009875000000000078 0.01648611111111113
1 0.4985598958333333 0.1471527777777778 0.013153645833333338 0.021699074074074048
1 0.40261979166666667 0.148162037037037 0.010671874999999997 0.019027777777777793
1 0.4491796875 0.21873148148148147 0.01766927083333336 0.025833333333333326
1 0.3599895833333333 0.19535185185185186 0.008893229166666683 0.016611111111111132
1 0.23964583333333334 0.14998611111111113 0.009083333333333332 0.01622222222222221
1 0.34073437500000003 0.25542592592592595 0.007671874999999995 0.01357870370370367
1 0.4909166666666666 0.4275972222222222 0.010734374999999963 0.019444444444444424
1 0.5506510416666667 0.4743148148148148 0.009106770833333444 0.019606481481481412
1 0.6388385416666666 0.5114490740740741 0.010593749999999957 0.022898148148148206
1 0.6739244791666666 0.5553472222222222 0.03292187499999999 0.1024814814814814
1 0.6279791666666666 0.637912037037037 0.01791406250000005 0.029449074074074093
0 0.7886562500000001 0.6747407407407408 0.012598958333333243 0.0186296296296297
1 0.80859375 0.588462962962963 0.011229166666666623 0.019124999999999934
1 0.20426822916666665 0.7219768518518519 0.010919270833333328 0.01924999999999994
1 0.17074739583333332 0.4431944444444444 0.009210937500000016 0.018374999999999905
1 0.017385416666666667 0.15697685185185184 0.016291666666666663 0.021402777777777784