1 0.7371796875 0.18712499999999999 0.01838802083333335 0.03359259259259259
1 0.5963723958333333 0.2531759259259259 0.00937239583333338 0.01731018518518517
1 0.5415260416666666 0.19933333333333333 0.012205729166666623 0.018564814814814805
1 0.49777604166666667 0.14875000000000002 0.013984374999999993 0.021648148148148156
1 0.5191015625 0.1311111111111111 0.010671875000000108 0.018310185185185162
1 0.4480520833333333 0.21754166666666663 0.014908854166666652 0.024925925925925945
1 0.40102604166666667 0.1469212962962963 0.008557291666666633 0.01799074074074072
1 0.3589557291666667 0.19458333333333333 0.006828124999999963 0.013759259259259249
1 0.23830989583333334 0.14913425925925924 0.00854687500000001 0.015847222222222197
1 0.3403255208333333 0.2567222222222222 0.006549479166666705 0.013134259259259274
1 0.550484375 0.4751064814814815 0.010044270833333258 0.018814814814814913
1 0.4908958333333333 0.42744444444444446 0.012377604166666667 0.02022685185185185
1 0.6376901041666667 0.512074074074074 0.009593750000000068 0.024194444444444504
1 0.6723151041666666 0.5541064814814814 0.036049479166666565 0.09980092592592588
1 0.6276223958333333 0.6415277777777777 0.017986979166666694 0.022000000000000044
0 0.7874505208333333 0.6743425925925925 0.01010156250000005 0.02001851851851851
1 0.8077187499999999 0.5881481481481482 0.008903645833333362 0.012925925925925933
1 0.016890625 0.15547685185185184 0.014757812500000002 0.01913888888888889
1 0.20390104166666667 0.7226111111111111 0.011052083333333351 0.01887037037037034
1 0.16957291666666666 0.4428935185185185 0.011601562499999996 0.02107407407407407