1 0.7371796875 0.812875 0.01838802083333335 0.03359259259259259
1 0.5963723958333333 0.746824074074074 0.00937239583333338 0.017310185185185074
1 0.5415260416666666 0.8006666666666666 0.012205729166666623 0.018564814814814905
1 0.49777604166666667 0.85125 0.013984374999999938 0.021648148148148156
1 0.5191015625 0.8688888888888889 0.010671875000000108 0.01831018518518511
1 0.4480520833333333 0.7824583333333334 0.014908854166666652 0.024925925925925994
1 0.40102604166666667 0.8530787037037038 0.008557291666666633 0.01799074074074072
1 0.3589557291666667 0.8054166666666667 0.006828124999999963 0.013759259259259297
1 0.23830989583333334 0.8508657407407407 0.00854687500000001 0.0158472222222221
1 0.3403255208333333 0.7432777777777778 0.006549479166666705 0.013134259259259274
1 0.550484375 0.5248935185185185 0.010044270833333258 0.018814814814814913
1 0.4908958333333333 0.5725555555555556 0.012377604166666667 0.02022685185185185
1 0.6376901041666667 0.487925925925926 0.009593750000000068 0.024194444444444504
1 0.6723151041666666 0.44589351851851855 0.036049479166666565 0.09980092592592588
1 0.6276223958333333 0.35847222222222225 0.017986979166666694 0.022000000000000044
0 0.7874505208333333 0.3256574074074074 0.01010156250000005 0.02001851851851851
1 0.8077187499999999 0.4118518518518518 0.008903645833333362 0.012925925925925933
1 0.016890625 0.8445231481481481 0.014757812500000002 0.01913888888888889
1 0.20390104166666667 0.2773888888888889 0.011052083333333351 0.01887037037037034
1 0.16957291666666666 0.5571064814814815 0.011601562499999996 0.021074074074074172