1 0.7374973958333333 0.1867824074074074 0.019804687499999973 0.034847222222222224
1 0.5978385416666666 0.25271759259259263 0.009992187499999972 0.017319444444444443
1 0.5414765625 0.1987361111111111 0.01296354166666669 0.018731481481481477
1 0.5190572916666667 0.13008796296296296 0.009140624999999902 0.01657407407407405
1 0.49825781249999995 0.14781018518518518 0.012343749999999987 0.020314814814814824
1 0.44897656249999995 0.2180648148148148 0.01342447916666667 0.02370370370370371
1 0.4020989583333333 0.14672222222222223 0.009502604166666706 0.012986111111111094
1 0.35929947916666666 0.19430092592592593 0.0061614583333333695 0.013819444444444459
1 0.23904427083333332 0.14970833333333333 0.007736979166666658 0.012611111111111128
1 0.34080208333333334 0.25638425925925923 0.006171875000000049 0.010384259259259268
1 0.4906979166666667 0.4270972222222222 0.009265624999999944 0.017736111111111126
1 0.5504088541666667 0.47411574074074075 0.009872395833333325 0.01745370370370362
1 0.6381953125000001 0.5104768518518519 0.0075598958333333854 0.014874999999999972
1 0.6728333333333333 0.5548055555555557 0.032255208333333396 0.09957407407407398
0 0.7888125 0.6735925925925925 0.010309895833333416 0.012587962962963002
1 0.8086666666666668 0.5876990740740742 0.00900260416666665 0.013976851851851812
1 0.017606770833333334 0.15631944444444443 0.015151041666666669 0.018310185185185162
1 0.17038281249999998 0.44368981481481484 0.009067708333333313 0.01723148148148152
1 0.20464583333333333 0.7230879629629628 0.010718749999999999 0.018046296296296345