1 0.7374973958333333 0.8132175925925926 0.019804687499999973 0.034847222222222224
1 0.5978385416666666 0.7472824074074074 0.009992187499999972 0.017319444444444443
1 0.5414765625 0.8012638888888889 0.01296354166666669 0.018731481481481578
1 0.5190572916666667 0.8699120370370371 0.009140624999999902 0.016574074074074
1 0.49825781249999995 0.8521898148148148 0.012343749999999987 0.02031481481481477
1 0.44897656249999995 0.7819351851851852 0.01342447916666667 0.023703703703703657
1 0.4020989583333333 0.8532777777777778 0.009502604166666706 0.012986111111111143
1 0.35929947916666666 0.8056990740740742 0.0061614583333333695 0.013819444444444507
1 0.23904427083333332 0.8502916666666667 0.007736979166666658 0.012611111111111128
1 0.34080208333333334 0.7436157407407408 0.006171875000000049 0.010384259259259367
1 0.4906979166666667 0.5729027777777778 0.009265624999999944 0.017736111111111126
1 0.5504088541666667 0.5258842592592593 0.009872395833333325 0.01745370370370362
1 0.6381953125000001 0.4895231481481481 0.0075598958333333854 0.014874999999999972
1 0.6728333333333333 0.4451944444444444 0.032255208333333396 0.09957407407407398
0 0.7888125 0.3264074074074074 0.010309895833333416 0.012587962962963002
1 0.8086666666666668 0.4123009259259259 0.00900260416666665 0.013976851851851812
1 0.017606770833333334 0.8436805555555557 0.01515104166666667 0.01831018518518511
1 0.17038281249999998 0.5563101851851852 0.009067708333333313 0.01723148148148152
1 0.20464583333333333 0.2769120370370371 0.010718749999999999 0.018046296296296345