1 0.7363776041666666 0.1877037037037037 0.020231770833333274 0.03749999999999999
1 0.49676822916666663 0.14669907407407407 0.01678124999999997 0.02633796296296298
1 0.5180052083333333 0.12967129629629628 0.01046093749999999 0.015416666666666658
1 0.5965651041666666 0.2531666666666667 0.01061718750000007 0.02384259259259262
1 0.4009010416666667 0.14722222222222223 0.00966406249999996 0.01726388888888887
1 0.4478984375 0.2179074074074074 0.014192708333333304 0.02850462962962958
1 0.4899895833333333 0.42774537037037036 0.011356770833333307 0.0216666666666667
1 0.5492994791666667 0.4757777777777778 0.012049479166666766 0.02519907407407413
1 0.6372578125 0.5110416666666666 0.011484374999999991 0.02053703703703707
1 0.6725260416666666 0.5580277777777778 0.03404166666666675 0.10005555555555547
1 0.6266822916666667 0.6386712962962963 0.016361979166666707 0.027120370370370454
0 0.7871458333333333 0.6734907407407407 0.013601562500000108 0.02012962962962956
1 0.8069583333333332 0.5889907407407408 0.010127604166666693 0.018847222222222213
1 0.35905729166666667 0.19474074074074074 0.007606770833333387 0.013958333333333319
1 0.34065104166666665 0.25733333333333336 0.0074843749999999876 0.012458333333333313
1 0.2387734375 0.14980092592592592 0.006947916666666665 0.01627314814814815
1 0.015932291666666668 0.15655555555555556 0.012846354166666664 0.01885185185185185
1 0.17004166666666667 0.44200925925925927 0.009127604166666692 0.017791666666666747
1 0.2036328125 0.722111111111111 0.010809895833333305 0.019004629629629715