1 0.7365911458333334 0.8133796296296296 0.01936458333333335 0.03214814814814816
1 0.5966822916666668 0.7461527777777778 0.01182031250000004 0.022111111111111095
1 0.5410390625 0.8003842592592593 0.010763020833333359 0.02020833333333331
1 0.44888541666666665 0.7819212962962963 0.01643489583333335 0.027333333333333383
1 0.40224479166666666 0.8514814814814815 0.012046875000000012 0.020962962962962923
1 0.4980078125 0.8533611111111111 0.013596354166666713 0.02171759259259254
1 0.5179635416666667 0.8704953703703704 0.009817708333333286 0.02086574074074083
1 0.35990625 0.8057268518518518 0.008651041666666637 0.016750000000000043
1 0.3403463541666667 0.7435648148148148 0.007119791666666653 0.012833333333333228
1 0.4911484375 0.5724907407407408 0.012070312500000013 0.020851851851851875
1 0.5503072916666666 0.5256527777777777 0.009486979166666742 0.0179027777777778
1 0.638421875 0.48925462962962957 0.009960937500000044 0.019356481481481405
1 0.6710104166666666 0.44573148148148145 0.03398958333333324 0.10188425925925929
0 0.78803125 0.3260787037037037 0.010492187499999917 0.019703703703703706
1 0.8077447916666666 0.4120416666666667 0.007757812499999961 0.013032407407407397
1 0.23909114583333332 0.8506805555555556 0.009828125000000021 0.017148148148148183
1 0.015565104166666668 0.8450601851851851 0.0113125 0.018453703703703656
1 0.17018229166666665 0.5567314814814814 0.009161458333333317 0.019856481481481423
1 0.20498177083333333 0.2771342592592592 0.010695312499999998 0.021865740740740672
1 0.6270364583333333 0.36300462962962965 0.01969791666666665 0.03164351851851856