1 0.7365911458333334 0.18662037037037038 0.01936458333333335 0.03214814814814816
1 0.5966822916666668 0.25384722222222217 0.01182031250000004 0.022111111111111095
1 0.5410390625 0.19961574074074073 0.010763020833333359 0.02020833333333331
1 0.44888541666666665 0.2180787037037037 0.01643489583333335 0.027333333333333334
1 0.40224479166666666 0.14851851851851852 0.012046875000000012 0.020962962962962975
1 0.4980078125 0.14663888888888887 0.013596354166666713 0.021717592592592587
1 0.5179635416666667 0.12950462962962964 0.009817708333333286 0.02086574074074073
1 0.35990625 0.19427314814814814 0.008651041666666637 0.016749999999999994
1 0.3403463541666667 0.25643518518518515 0.007119791666666653 0.012833333333333327
1 0.4911484375 0.42750925925925926 0.012070312500000013 0.020851851851851875
1 0.5503072916666666 0.4743472222222222 0.009486979166666742 0.0179027777777778
1 0.638421875 0.5107453703703704 0.009960937500000044 0.019356481481481405
1 0.6710104166666666 0.5542685185185185 0.03398958333333324 0.10188425925925929
0 0.78803125 0.6739212962962964 0.010492187499999917 0.019703703703703706
1 0.8077447916666666 0.5879583333333334 0.007757812499999961 0.013032407407407397
1 0.23909114583333332 0.14931944444444445 0.009828125000000021 0.017148148148148135
1 0.015565104166666668 0.1549398148148148 0.0113125 0.01845370370370371
1 0.17018229166666665 0.4432685185185185 0.009161458333333317 0.01985648148148152
1 0.20498177083333333 0.7228657407407408 0.010695312499999998 0.021865740740740672
1 0.6270364583333333 0.6369953703703704 0.01969791666666665 0.03164351851851856