1 0.7381796875000001 0.1859675925925926 0.020432291666666602 0.034814814814814826
1 0.598828125 0.25177314814814816 0.0100703124999999 0.01899074074074076
1 0.49859635416666664 0.14663888888888887 0.014122395833333301 0.022555555555555537
1 0.5195234375 0.1288425925925926 0.010388020833333345 0.017837962962962955
1 0.4491848958333333 0.21725 0.014299479166666629 0.02327777777777778
1 0.40222135416666666 0.14661574074074074 0.01026041666666666 0.017874999999999988
1 0.4911901041666667 0.426912037037037 0.010166666666666657 0.019583333333333286
1 0.5511874999999999 0.4750740740740741 0.009882812499999893 0.02018518518518518
1 0.6392838541666667 0.5098101851851852 0.009348958333333268 0.02018518518518518
1 0.6280885416666667 0.638537037037037 0.018223958333333234 0.02752777777777777
1 0.6730625 0.5539212962962963 0.03782552083333335 0.10609259259259257
0 0.7892760416666667 0.6738287037037037 0.011031250000000048 0.019370370370370357
1 0.8097708333333333 0.587587962962963 0.008164062499999902 0.015171296296296235
1 0.3604140625 0.19445370370370368 0.010880208333333363 0.017828703703703683
1 0.34149999999999997 0.2577083333333333 0.008656250000000032 0.013111111111111148
1 0.23966406249999997 0.15009259259259258 0.008635416666666673 0.015560185185185205
1 0.01708854166666667 0.15742129629629628 0.014630208333333332 0.02250462962962965
1 0.17109375 0.44229166666666664 0.009140625000000013 0.014828703703703717
1 0.20445833333333333 0.7238935185185185 0.010734375000000018 0.019925925925926