1 0.7381796875000001 0.8140324074074073 0.020432291666666602 0.03481481481481473
1 0.598828125 0.7482268518518518 0.0100703124999999 0.01899074074074076
1 0.49859635416666664 0.8533611111111111 0.014122395833333301 0.02255555555555549
1 0.5195234375 0.8711574074074073 0.010388020833333345 0.017837962962963003
1 0.4491848958333333 0.7827500000000001 0.014299479166666629 0.023277777777777803
1 0.40222135416666666 0.8533842592592592 0.01026041666666666 0.017874999999999888
1 0.4911901041666667 0.5730879629629629 0.010166666666666657 0.019583333333333286
1 0.5511874999999999 0.5249259259259259 0.009882812499999893 0.02018518518518518
1 0.6392838541666667 0.49018981481481483 0.009348958333333268 0.02018518518518518
1 0.6280885416666667 0.361462962962963 0.018223958333333234 0.02752777777777777
1 0.6730625 0.44607870370370367 0.03782552083333335 0.10609259259259257
0 0.7892760416666667 0.32617129629629626 0.011031250000000048 0.019370370370370357
1 0.8097708333333333 0.412412037037037 0.008164062499999902 0.015171296296296235
1 0.3604140625 0.8055462962962963 0.010880208333333363 0.017828703703703635
1 0.34149999999999997 0.7422916666666667 0.008656250000000032 0.013111111111111148
1 0.23966406249999997 0.8499074074074074 0.008635416666666673 0.015560185185185205
1 0.01708854166666667 0.8425787037037037 0.014630208333333332 0.02250462962962965
1 0.17109375 0.5577083333333334 0.009140625000000013 0.014828703703703717
1 0.20445833333333333 0.27610648148148154 0.010734375000000018 0.019925925925926