1 0.7378541666666667 0.8127175925925926 0.02035156249999992 0.03493055555555556
1 0.59778125 0.7484212962962963 0.00967447916666675 0.017037037037037135
1 0.5193020833333333 0.8694259259259259 0.008234375000000016 0.01850925925925928
1 0.4982239583333333 0.8531712962962963 0.012848958333333327 0.022648148148148195
1 0.44931770833333334 0.7826574074074074 0.014135416666666623 0.023120370370370305
1 0.40288281249999996 0.8524398148148148 0.009231770833333375 0.015537037037037078
1 0.359765625 0.8057546296296296 0.008736979166666714 0.015203703703703731
1 0.23921354166666667 0.8505138888888889 0.007039062500000026 0.01542592592592583
1 0.3412135416666667 0.7433796296296297 0.007265625000000053 0.012601851851851956
1 0.49089322916666667 0.5725694444444445 0.009690104166666713 0.017694444444444457
1 0.5514635416666667 0.525462962962963 0.009828125000000076 0.019523148148148078
1 0.639703125 0.4887129629629629 0.010005208333333293 0.016486111111111076
1 0.6718984375 0.44760185185185186 0.034307291666666684 0.10068981481481486
1 0.6276171875000001 0.3608842592592592 0.018122395833333416 0.028657407407407395
1 0.7879661458333334 0.327212962962963 0.01070833333333332 0.019453703703703695
0 0.8088359374999999 0.4134861111111111 0.009393229166666739 0.01384722222222222
1 0.018145833333333333 0.8445 0.016242187499999998 0.019532407407407446
1 0.17070572916666665 0.558087962962963 0.008841145833333341 0.015643518518518543
1 0.20417447916666664 0.27671759259259265 0.011195312499999999 0.01817129629629635
1 0.5430651041666666 0.7999675925925926 0.012276041666666737 0.015791666666666673