1 0.7376770833333333 0.18802314814814813 0.020729166666666687 0.031986111111111125
1 0.5989401041666667 0.2543472222222222 0.01637500000000003 0.020273148148148106
1 0.5192239583333333 0.13057870370370372 0.0084843750000001 0.018217592592592605
1 0.4988854166666667 0.1479675925925926 0.012966145833333331 0.02289351851851852
1 0.4490911458333333 0.21726851851851853 0.014111979166666622 0.024087962962962943
1 0.4027682291666667 0.14758333333333332 0.008309895833333303 0.01594444444444444
1 0.4907864583333333 0.42736574074074074 0.009794270833333285 0.01585185185185188
1 0.5512109375 0.4739351851851852 0.008625000000000105 0.01791203703703697
1 0.6388151041666668 0.5107777777777778 0.008848958333333323 0.01594444444444439
1 0.672859375 0.5541759259259259 0.03438281250000008 0.09810648148148143
1 0.6284166666666666 0.6410601851851853 0.017580729166666753 0.026402777777777726
1 0.7883697916666667 0.6730138888888889 0.01095572916666665 0.014652777777777872
0 0.8086953124999999 0.5877592592592592 0.010356770833333417 0.01706018518518526
1 0.35984374999999996 0.19447685185185185 0.007567708333333312 0.012472222222222218
1 0.341 0.256875 0.00809375000000001 0.013754629629629613
1 0.239453125 0.14968518518518517 0.00995052083333331 0.016291666666666642
1 0.017619791666666666 0.1550462962962963 0.012223958333333333 0.020833333333333332
1 0.16988020833333334 0.44263425925925926 0.011921875000000026 0.01706018518518526
1 0.20407291666666666 0.7226527777777778 0.011268229166666643 0.017439814814814863