1 0.7376770833333333 0.8119768518518519 0.020729166666666687 0.031986111111111076
1 0.5989401041666667 0.7456527777777777 0.01637500000000003 0.020273148148148106
1 0.5192239583333333 0.8694212962962963 0.0084843750000001 0.018217592592592605
1 0.4988854166666667 0.8520324074074074 0.012966145833333331 0.02289351851851862
1 0.4490911458333333 0.7827314814814815 0.014111979166666622 0.024087962962963044
1 0.4027682291666667 0.8524166666666667 0.008309895833333303 0.01594444444444439
1 0.4907864583333333 0.5726342592592593 0.009794270833333285 0.01585185185185188
1 0.5512109375 0.5260648148148148 0.008625000000000105 0.01791203703703697
1 0.6388151041666668 0.4892222222222223 0.008848958333333323 0.01594444444444439
1 0.672859375 0.4458240740740741 0.03438281250000008 0.09810648148148143
1 0.6284166666666666 0.3589398148148148 0.017580729166666753 0.026402777777777726
1 0.7883697916666667 0.3269861111111111 0.01095572916666665 0.014652777777777872
0 0.8086953124999999 0.41224074074074074 0.010356770833333417 0.01706018518518526
1 0.35984374999999996 0.8055231481481482 0.007567708333333312 0.01247222222222217
1 0.341 0.7431249999999999 0.00809375000000001 0.013754629629629514
1 0.239453125 0.8503148148148149 0.00995052083333331 0.01629166666666669
1 0.017619791666666666 0.8449537037037037 0.012223958333333333 0.020833333333333332
1 0.16988020833333334 0.5573657407407407 0.011921875000000026 0.01706018518518526
1 0.20407291666666666 0.27734722222222224 0.011268229166666643 0.017439814814814863