1 0.7378671874999999 0.811875 0.0199583333333333 0.03268055555555568
1 0.5974036458333334 0.7460138888888889 0.007942708333333437 0.015810185185185215
1 0.5425078125 0.7994212962962963 0.009841145833333398 0.019685185185185163
1 0.5195859375 0.8698611111111111 0.008570312500000066 0.017486111111111115
1 0.498390625 0.8527685185185185 0.012455729166666707 0.0210972222222223
1 0.449625 0.7820740740740741 0.013523437499999957 0.024231481481481392
1 0.49080208333333336 0.5736574074074074 0.009632812500000032 0.017699074074074044
1 0.5514114583333334 0.524912037037037 0.009473958333333421 0.01741203703703695
1 0.6382135416666666 0.48938425925925927 0.008648437499999995 0.01784259259259259
1 0.6740130208333334 0.4442685185185185 0.02985937500000002 0.09730555555555556
1 0.788140625 0.3269537037037037 0.00882291666666668 0.017527777777777784
0 0.8082447916666666 0.4118101851851852 0.00954166666666656 0.014495370370370372
1 0.6280442708333334 0.35955092592592597 0.016895833333333332 0.02210185185185192
1 0.40254947916666667 0.8528981481481481 0.010466145833333385 0.016527777777777745
1 0.36016145833333335 0.8043518518518519 0.008544270833333312 0.013703703703703675
1 0.23959375 0.8503055555555555 0.009190104166666657 0.014828703703703717
1 0.34087239583333334 0.742537037037037 0.00800260416666665 0.013296296296296362
1 0.2036015625 0.2779351851851852 0.009645833333333353 0.015643518518518543
1 0.17063020833333334 0.5570925925925927 0.008385416666666645 0.015069444444444555
1 0.016174479166666665 0.8468333333333333 0.012484374999999999 0.01660185185185191