1 0.736765625 0.18693518518518515 0.017682291666666572 0.03253703703703703
1 0.5977682291666666 0.25269907407407405 0.0082395833333333 0.014282407407407445
1 0.5426380208333333 0.19996296296296298 0.009815104166666755 0.016240740740740753
1 0.5197447916666667 0.13062037037037036 0.009161458333333261 0.01485648148148148
1 0.49780989583333335 0.14818055555555557 0.013182291666666679 0.017874999999999988
1 0.44897656249999995 0.21800462962962963 0.013309895833333307 0.023347222222222234
1 0.4024895833333333 0.14684259259259258 0.008098958333333295 0.014310185185185207
1 0.35941927083333336 0.1952824074074074 0.006458333333333344 0.014009259259259258
1 0.2389296875 0.1495277777777778 0.008453125000000006 0.012995370370370364
1 0.3408671875 0.2564027777777778 0.0072187500000000515 0.013666666666666692
1 0.016916666666666663 0.1542453703703704 0.012018229166666665 0.015745370370370368
1 0.1702630208333333 0.4428842592592592 0.009786458333333359 0.01485648148148153
1 0.20452864583333333 0.7239814814814814 0.010364583333333344 0.01715277777777777
1 0.4913489583333333 0.42896759259259265 0.010544270833333313 0.021787037037037018
1 0.5506432291666666 0.4741249999999999 0.009276041666666623 0.016708333333333374
1 0.6384583333333332 0.509625 0.008377604166666774 0.015050925925926014
1 0.6275546875 0.6410324074074074 0.01440104166666667 0.021537037037037108
1 0.6716588541666667 0.5535601851851851 0.032648437500000016 0.0989074074074075
1 0.787875 0.6734259259259259 0.009820312500000039 0.015444444444444372
0 0.8085572916666667 0.5886157407407407 0.009562499999999918 0.015671296296296253