1 0.736765625 0.8130648148148149 0.017682291666666572 0.03253703703703713
1 0.5977682291666666 0.7473009259259259 0.0082395833333333 0.014282407407407445
1 0.5426380208333333 0.800037037037037 0.009815104166666755 0.016240740740740653
1 0.5197447916666667 0.8693796296296297 0.009161458333333261 0.01485648148148143
1 0.49780989583333335 0.8518194444444445 0.013182291666666623 0.017875000000000085
1 0.44897656249999995 0.7819953703703704 0.013309895833333307 0.023347222222222186
1 0.4024895833333333 0.8531574074074074 0.008098958333333295 0.014310185185185157
1 0.35941927083333336 0.8047175925925926 0.006458333333333344 0.014009259259259308
1 0.2389296875 0.8504722222222223 0.008453125000000006 0.012995370370370315
1 0.3408671875 0.7435972222222222 0.0072187500000000515 0.01366666666666679
1 0.016916666666666663 0.8457546296296297 0.012018229166666665 0.01574537037037042
1 0.1702630208333333 0.5571157407407408 0.009786458333333359 0.014856481481481628
1 0.20452864583333333 0.27601851851851855 0.010364583333333344 0.01715277777777777
1 0.4913489583333333 0.5710324074074075 0.010544270833333313 0.02178703703703712
1 0.5506432291666666 0.5258750000000001 0.009276041666666623 0.016708333333333374
1 0.6384583333333332 0.490375 0.008377604166666774 0.015050925925926014
1 0.6275546875 0.3589675925925926 0.01440104166666667 0.021537037037037108
1 0.6716588541666667 0.4464398148148148 0.032648437500000016 0.0989074074074075
1 0.787875 0.3265740740740741 0.009820312500000039 0.015444444444444372
0 0.8085572916666667 0.41138425925925926 0.009562499999999918 0.015671296296296253