1 0.7367395833333333 0.18688888888888888 0.018895833333333334 0.03443055555555555
1 0.5972942708333333 0.25248148148148153 0.007388020833333231 0.016449074074074095
1 0.5424843749999999 0.2003703703703704 0.010361979166666702 0.016379629629629616
1 0.5195729166666667 0.13022685185185184 0.00914843749999994 0.01454629629629631
1 0.49827343749999997 0.14771759259259257 0.01235677083333342 0.019092592592592588
1 0.44828645833333336 0.21515277777777778 0.010510416666666633 0.018518518518518552
1 0.4027395833333333 0.1476574074074074 0.009591145833333314 0.015972222222222204
1 0.35946874999999995 0.19485185185185186 0.007437499999999986 0.013495370370370383
1 0.3406432291666667 0.2561018518518518 0.006192708333333297 0.010828703703703665
1 0.23922916666666666 0.1489212962962963 0.0073385416666666425 0.012495370370370344
1 0.0172265625 0.15457407407407409 0.010820312499999998 0.01609259259259257
1 0.17059635416666669 0.44226851851851845 0.008466145833333327 0.015828703703703657
1 0.20405729166666667 0.7226759259259259 0.009085937499999974 0.01685185185185192
1 0.4913177083333333 0.42694444444444446 0.009533854166666633 0.019046296296296283
1 0.5510911458333333 0.47481018518518514 0.009494791666666558 0.01618518518518523
1 0.6384895833333334 0.5101481481481482 0.008286458333333302 0.016569444444444414
1 0.6274947916666667 0.6388194444444444 0.014265624999999948 0.024874999999999956
1 0.6709999999999999 0.5532499999999999 0.03497395833333328 0.09934259259259252
1 0.7875 0.6733981481481481 0.009023437500000009 0.016018518518518557
0 0.8082708333333334 0.5880185185185184 0.009820312500000039 0.016287037037037107