1 0.7367395833333333 0.8131111111111111 0.018895833333333334 0.03443055555555555
1 0.5972942708333333 0.7475185185185185 0.007388020833333231 0.016449074074074192
1 0.5424843749999999 0.7996296296296296 0.010361979166666702 0.016379629629629616
1 0.5195729166666667 0.8697731481481481 0.00914843749999994 0.01454629629629641
1 0.49827343749999997 0.8522824074074075 0.01235677083333342 0.019092592592592637
1 0.44828645833333336 0.7848472222222223 0.010510416666666633 0.01851851851851845
1 0.4027395833333333 0.8523425925925926 0.009591145833333314 0.0159722222222223
1 0.35946874999999995 0.8051481481481482 0.007437499999999986 0.013495370370370333
1 0.3406432291666667 0.7438981481481481 0.006192708333333297 0.010828703703703764
1 0.23922916666666666 0.8510787037037038 0.0073385416666666425 0.012495370370370296
1 0.0172265625 0.8454259259259259 0.010820312499999998 0.016092592592592523
1 0.17059635416666669 0.5577314814814814 0.008466145833333327 0.015828703703703755
1 0.20405729166666667 0.2773240740740741 0.009085937499999974 0.01685185185185192
1 0.4913177083333333 0.5730555555555555 0.009533854166666633 0.01904629629629638
1 0.5510911458333333 0.5251898148148149 0.009494791666666558 0.01618518518518523
1 0.6384895833333334 0.48985185185185176 0.008286458333333302 0.016569444444444414
1 0.6274947916666667 0.3611805555555556 0.014265624999999948 0.024874999999999956
1 0.6709999999999999 0.44675000000000004 0.03497395833333328 0.09934259259259252
1 0.7875 0.3266018518518519 0.009023437500000009 0.016018518518518557
0 0.8082708333333334 0.41198148148148156 0.009820312500000039 0.016287037037037107