1 0.7373541666666666 0.18728703703703706 0.01941927083333339 0.03445370370370372
1 0.5971796875000001 0.25283796296296296 0.008950520833333364 0.016097222222222207
1 0.5194791666666666 0.13023148148148148 0.008843750000000039 0.016819444444444425
1 0.49868489583333336 0.14747222222222223 0.011588541666666674 0.022439814814814805
1 0.4490286458333333 0.21835648148148146 0.013786458333333362 0.026384259259259232
1 0.40254166666666663 0.14627777777777778 0.00875520833333332 0.013583333333333355
1 0.35991406249999996 0.19496759259259258 0.008049479166666651 0.014490740740740736
1 0.23937760416666667 0.14953240740740742 0.008515625000000027 0.013634259259259244
1 0.017104166666666667 0.15438888888888888 0.01240364583333333 0.01818055555555557
1 0.17127864583333335 0.4422962962962963 0.007502604166666649 0.01643518518518514
1 0.20432291666666666 0.7216342592592593 0.009390624999999986 0.016930555555555473
1 0.3411432291666667 0.2562453703703704 0.006361979166666698 0.012148148148148193
1 0.49139322916666667 0.4267268518518519 0.009604166666666636 0.01717129629629631
1 0.5509661458333334 0.474537037037037 0.008341145833333341 0.017606481481481535
1 0.6390885416666666 0.5110138888888889 0.008460937499999988 0.013893518518518475
1 0.6723984375000001 0.5550046296296296 0.033411458333333366 0.09627777777777781
1 0.6274192708333333 0.6377916666666668 0.014919270833333442 0.027555555555555482
1 0.78796875 0.6726435185185186 0.008960937499999932 0.017148148148148183
0 0.8091432291666667 0.5881203703703703 0.009156249999999977 0.013921296296296385