1 0.7373541666666666 0.8127129629629629 0.01941927083333339 0.034453703703703674
1 0.5971796875000001 0.747162037037037 0.008950520833333364 0.01609722222222211
1 0.5194791666666666 0.8697685185185186 0.008843750000000039 0.016819444444444425
1 0.49868489583333336 0.8525277777777778 0.011588541666666674 0.022439814814814853
1 0.4490286458333333 0.7816435185185185 0.013786458333333362 0.026384259259259184
1 0.40254166666666663 0.8537222222222223 0.00875520833333332 0.013583333333333454
1 0.35991406249999996 0.8050324074074074 0.008049479166666651 0.014490740740740785
1 0.23937760416666667 0.8504675925925925 0.008515625000000027 0.013634259259259294
1 0.017104166666666667 0.8456111111111111 0.01240364583333333 0.01818055555555552
1 0.17127864583333335 0.5577037037037038 0.007502604166666649 0.016435185185185237
1 0.20432291666666666 0.2783657407407407 0.009390624999999986 0.016930555555555473
1 0.3411432291666667 0.7437546296296297 0.006361979166666698 0.012148148148148193
1 0.49139322916666667 0.5732731481481481 0.009604166666666636 0.01717129629629631
1 0.5509661458333334 0.525462962962963 0.008341145833333341 0.017606481481481535
1 0.6390885416666666 0.4889861111111111 0.008460937499999988 0.013893518518518475
1 0.6723984375000001 0.4449953703703704 0.033411458333333366 0.09627777777777781
1 0.6274192708333333 0.36220833333333324 0.014919270833333442 0.027555555555555482
1 0.78796875 0.32735648148148144 0.008960937499999932 0.017148148148148183
0 0.8091432291666667 0.4118796296296297 0.009156249999999977 0.013921296296296385