1 0.7368932291666667 0.18687499999999999 0.01952083333333343 0.03366666666666666
1 0.5975026041666667 0.25273148148148145 0.009221354166666584 0.019435185185185153
1 0.5416875 0.19936574074074073 0.011104166666666693 0.0184398148148148
1 0.5189505208333334 0.1305324074074074 0.010026041666666652 0.016291666666666642
1 0.4979583333333333 0.14712037037037037 0.01244270833333333 0.02117592592592595
1 0.449171875 0.2182685185185185 0.013299479166666628 0.025722222222222226
1 0.40234375 0.14666203703703704 0.009278645833333377 0.01728240740740741
1 0.35980208333333336 0.19539351851851852 0.009640624999999958 0.014962962962962944
1 0.23882552083333333 0.14862962962962964 0.0076927083333333535 0.013023148148148126
1 0.4907786458333333 0.4272638888888889 0.008973958333333365 0.017777777777777795
1 0.5503229166666666 0.4739444444444445 0.009526041666666707 0.019550925925925985
1 0.6381614583333333 0.5113842592592592 0.009286458333333414 0.01699074074074068
1 0.6712812499999999 0.5543425925925926 0.036151041666666606 0.1006759259259259
1 0.6275260416666666 0.6396666666666667 0.017749999999999932 0.024106481481481385
1 0.7877578125 0.6725972222222222 0.011507812500000103 0.016986111111111098
0 0.8080208333333334 0.5879768518518519 0.010570312500000068 0.014550925925925995
1 0.3406953125 0.2571759259259259 0.008286458333333302 0.011199074074074092
1 0.016002604166666667 0.1544398148148148 0.011895833333333335 0.018689814814814812
1 0.17171614583333333 0.44317129629629626 0.0075078124999999885 0.01384722222222222
1 0.20351041666666667 0.7222175925925925 0.009945312500000025 0.015708333333333338