1 0.7368932291666667 0.813125 0.01952083333333343 0.03366666666666676
1 0.5975026041666667 0.7472685185185185 0.009221354166666584 0.019435185185185153
1 0.5416875 0.8006342592592594 0.011104166666666693 0.0184398148148147
1 0.5189505208333334 0.8694675925925925 0.010026041666666652 0.01629166666666669
1 0.4979583333333333 0.8528796296296296 0.012442708333333385 0.02117592592592605
1 0.449171875 0.7817314814814815 0.013299479166666628 0.025722222222222275
1 0.40234375 0.8533379629629629 0.009278645833333377 0.01728240740740736
1 0.35980208333333336 0.8046064814814815 0.009640624999999958 0.014962962962962893
1 0.23882552083333333 0.8513703703703703 0.0076927083333333535 0.013023148148148225
1 0.4907786458333333 0.5727361111111111 0.008973958333333365 0.017777777777777795
1 0.5503229166666666 0.5260555555555555 0.009526041666666707 0.019550925925925985
1 0.6381614583333333 0.48861574074074077 0.009286458333333414 0.01699074074074068
1 0.6712812499999999 0.4456574074074074 0.036151041666666606 0.1006759259259259
1 0.6275260416666666 0.3603333333333333 0.017749999999999932 0.024106481481481385
1 0.7877578125 0.32740277777777776 0.011507812500000103 0.016986111111111098
0 0.8080208333333334 0.41202314814814817 0.010570312500000068 0.014550925925925995
1 0.3406953125 0.7428240740740741 0.008286458333333302 0.011199074074073993
1 0.016002604166666667 0.8455601851851852 0.011895833333333335 0.01868981481481491
1 0.17171614583333333 0.5568287037037037 0.0075078124999999885 0.01384722222222222
1 0.20351041666666667 0.27778240740740745 0.009945312500000025 0.015708333333333338