1 0.7371770833333334 0.8123657407407407 0.019041666666666623 0.035972222222222267
1 0.5977213541666666 0.7462592592592592 0.008895833333333325 0.016787037037036927
1 0.519171875 0.8699861111111111 0.009098958333333407 0.017166666666666726
1 0.49783333333333335 0.8518518518518519 0.014700520833333286 0.021611111111111074
1 0.449140625 0.78225 0.013052083333333298 0.022439814814814853
1 0.4027369791666667 0.8530972222222223 0.010010416666666688 0.01574537037037042
1 0.3594296875 0.8052175925925926 0.008828124999999964 0.014592592592592664
1 0.3410859375 0.7425925925925926 0.007671874999999995 0.012069444444444442
1 0.23869010416666667 0.8500694444444444 0.008453125000000006 0.014564814814814753
1 0.017765625 0.8457962962962964 0.014374999999999999 0.01877314814814805
1 0.17044791666666667 0.5568935185185185 0.010289062500000001 0.01751388888888883
1 0.20390104166666667 0.2775185185185186 0.009932291666666648 0.01842129629629636
1 0.49097135416666665 0.5729537037037038 0.009382812499999948 0.017699074074074044
1 0.550765625 0.5258148148148147 0.008554687499999991 0.015550925925925836
1 0.638625 0.4887129629629629 0.008257812499999906 0.01598611111111106
1 0.627953125 0.360287037037037 0.017562499999999925 0.026453703703703764
1 0.6721223958333333 0.4447685185185185 0.03321354166666657 0.09953240740740732
1 0.7878984375 0.3270833333333333 0.008744791666666751 0.01571759259259251
0 0.8087083333333334 0.411875 0.01022656249999998 0.014407407407407449