1 0.7371770833333334 0.18763425925925928 0.019041666666666623 0.03597222222222222
1 0.5977213541666666 0.25374074074074077 0.008895833333333325 0.016787037037037027
1 0.519171875 0.13001388888888887 0.009098958333333407 0.017166666666666677
1 0.49783333333333335 0.14814814814814814 0.014700520833333286 0.021611111111111123
1 0.449140625 0.21775 0.013052083333333298 0.022439814814814805
1 0.4027369791666667 0.14690277777777777 0.010010416666666688 0.015745370370370368
1 0.3594296875 0.1947824074074074 0.008828124999999964 0.014592592592592614
1 0.3410859375 0.25740740740740736 0.007671874999999995 0.012069444444444442
1 0.23869010416666667 0.14993055555555557 0.008453125000000006 0.014564814814814801
1 0.017765625 0.1542037037037037 0.014374999999999999 0.018773148148148146
1 0.17044791666666667 0.44310648148148146 0.010289062500000001 0.017513888888888877
1 0.20390104166666667 0.7224814814814814 0.009932291666666648 0.01842129629629636
1 0.49097135416666665 0.42704629629629626 0.009382812499999948 0.017699074074074044
1 0.550765625 0.4741851851851852 0.008554687499999991 0.015550925925925836
1 0.638625 0.5112870370370372 0.008257812499999906 0.01598611111111106
1 0.627953125 0.639712962962963 0.017562499999999925 0.026453703703703764
1 0.6721223958333333 0.5552314814814815 0.03321354166666657 0.09953240740740732
1 0.7878984375 0.6729166666666667 0.008744791666666751 0.01571759259259251
0 0.8087083333333334 0.588125 0.01022656249999998 0.014407407407407449