1 0.7379374999999999 0.18832407407407406 0.018942708333333336 0.03678703703703704
1 0.597296875 0.25427777777777777 0.012192708333333302 0.017939814814814783
1 0.543203125 0.19960185185185184 0.013182291666666623 0.02260185185185184
1 0.5194088541666666 0.13027314814814814 0.010111979166666618 0.016791666666666663
1 0.49857552083333334 0.14718055555555556 0.013494791666666617 0.018574074074074076
1 0.4493854166666667 0.21690277777777778 0.0142213541666667 0.024222222222222242
1 0.4031223958333333 0.1467638888888889 0.010734374999999963 0.015847222222222197
1 0.3596875 0.19457870370370373 0.008661458333333316 0.014435185185185162
1 0.239578125 0.1491435185185185 0.00799739583333331 0.013074074074074064
1 0.3409817708333333 0.25652777777777774 0.007815104166666642 0.01395833333333337
1 0.49182031249999997 0.4280833333333333 0.009526041666666707 0.023537037037037085
1 0.5513645833333333 0.47556018518518517 0.008835937500000002 0.018615740740740745
1 0.6391171875 0.5107314814814815 0.009445312500000025 0.017356481481481525
1 0.6719010416666666 0.5551481481481481 0.034734374999999984 0.09582407407407405
1 0.6287890625 0.6381388888888889 0.02082291666666669 0.027199074074074008
1 0.7895416666666667 0.6735740740740741 0.010322916666666737 0.01704166666666672
0 0.8092265624999999 0.5887777777777777 0.011005208333333405 0.017046296296296306
1 0.01815625 0.15458796296296298 0.015638020833333335 0.019254629629629625
1 0.204828125 0.7223611111111111 0.013221354166666643 0.020402777777777697