1 0.7379374999999999 0.8116759259259259 0.018942708333333336 0.03678703703703709
1 0.597296875 0.7457222222222222 0.012192708333333302 0.01793981481481488
1 0.543203125 0.8003981481481481 0.013182291666666623 0.022601851851851942
1 0.5194088541666666 0.8697268518518518 0.010111979166666618 0.01679166666666671
1 0.49857552083333334 0.8528194444444445 0.013494791666666561 0.018574074074074076
1 0.4493854166666667 0.7830972222222221 0.0142213541666667 0.024222222222222218
1 0.4031223958333333 0.8532361111111111 0.010734374999999963 0.015847222222222297
1 0.3596875 0.8054212962962963 0.008661458333333316 0.014435185185185162
1 0.239578125 0.8508564814814815 0.00799739583333331 0.013074074074074064
1 0.3409817708333333 0.7434722222222222 0.007815104166666642 0.01395833333333327
1 0.49182031249999997 0.5719166666666666 0.009526041666666707 0.023537037037037183
1 0.5513645833333333 0.5244398148148148 0.008835937500000002 0.018615740740740745
1 0.6391171875 0.48926851851851855 0.009445312500000025 0.017356481481481525
1 0.6719010416666666 0.44485185185185194 0.034734374999999984 0.09582407407407405
1 0.6287890625 0.361861111111111 0.02082291666666669 0.027199074074074008
1 0.7895416666666667 0.3264259259259259 0.010322916666666737 0.01704166666666672
0 0.8092265624999999 0.41122222222222227 0.011005208333333405 0.017046296296296306
1 0.01815625 0.845412037037037 0.015638020833333335 0.019254629629629524
1 0.204828125 0.27763888888888894 0.013221354166666643 0.020402777777777697