1 0.7367864583333333 0.18781944444444443 0.020252604166666632 0.03780555555555557
1 0.5971171875 0.2529953703703704 0.009773437500000037 0.016087962962962936
1 0.5423828125 0.19902314814814814 0.01113541666666662 0.01894907407407409
1 0.5187942708333333 0.13096296296296295 0.006726562499999922 0.01959722222222224
1 0.4978828125 0.14797685185185186 0.012888020833333347 0.0220925925925926
1 0.44871093749999996 0.21952314814814816 0.01442447916666667 0.028888888888888867
1 0.40253125 0.14895370370370373 0.010986979166666688 0.017097222222222246
1 0.3599322916666667 0.19506944444444443 0.008460937499999988 0.015217592592592588
1 0.34031510416666666 0.25707870370370367 0.008341145833333341 0.01312962962962959
1 0.4904505208333333 0.4267962962962963 0.011322916666666627 0.0192314814814815
1 0.550546875 0.47503703703703704 0.010252604166666623 0.021134259259259183
1 0.6385286458333332 0.5096898148148149 0.008888020833333288 0.0167314814814815
1 0.6269609375 0.6392175925925927 0.017338541666666707 0.024976851851851833
1 0.6715312499999999 0.5505787037037037 0.02847656250000008 0.09202314814814806
1 0.7881484375 0.672236111111111 0.012403645833333421 0.01868981481481491
0 0.8082161458333333 0.5883101851851852 0.00820572916666662 0.014495370370370372
1 0.238578125 0.1508935185185185 0.009088541666666672 0.019472222222222238
1 0.018200520833333334 0.15798148148148147 0.015859375000000002 0.026194444444444433
1 0.17015364583333334 0.44334259259259257 0.008846354166666681 0.01678240740740744
1 0.20406510416666668 0.7224212962962963 0.01220052083333334 0.019148148148148064