1 0.7368906249999999 0.8126898148148148 0.0191041666666667 0.0337175925925926
1 0.5973671875 0.7473564814814815 0.008757812500000073 0.01575462962962959
1 0.5420260416666667 0.7996944444444445 0.00924999999999998 0.013814814814814724
1 0.5189635416666667 0.8688935185185185 0.009177083333333336 0.018305555555555526
1 0.4979869791666667 0.8526851851851851 0.012986979166666579 0.024124999999999928
1 0.4023125 0.8526527777777777 0.009375000000000022 0.01479629629629622
1 0.44882812499999997 0.781587962962963 0.013820312500000043 0.02447222222222223
1 0.4910026041666667 0.5718148148148148 0.01163020833333328 0.01795370370370364
1 0.5501979166666667 0.5251157407407407 0.010929687500000007 0.019574074074074115
1 0.6383776041666667 0.4890277777777778 0.011278645833333378 0.01717129629629631
1 0.6733307291666667 0.4441805555555556 0.031028645833333313 0.09956481481481481
1 0.7879479166666666 0.3257870370370371 0.011218750000000055 0.018245370370370315
0 0.8076145833333332 0.41243981481481473 0.010359374999999948 0.01598611111111106
1 0.360203125 0.8060231481481481 0.008466145833333383 0.014712962962962884
1 0.34096354166666665 0.7428101851851852 0.008119791666666654 0.0112916666666667
1 0.238984375 0.851087962962963 0.006861979166666643 0.011148148148148154
1 0.017005208333333334 0.8447592592592592 0.013179687500000002 0.020680555555555615
1 0.17029427083333332 0.5570277777777777 0.009111979166666673 0.01833333333333324
1 0.20409895833333333 0.2767546296296296 0.00954687500000001 0.02087962962962959
1 0.627234375 0.35930555555555554 0.017156249999999984 0.022648148148148195