1 0.7368906249999999 0.18731018518518516 0.0191041666666667 0.0337175925925926
1 0.5973671875 0.2526435185185185 0.008757812500000073 0.01575462962962959
1 0.5420260416666667 0.20030555555555557 0.00924999999999998 0.013814814814814823
1 0.5189635416666667 0.13110648148148146 0.009177083333333336 0.018305555555555575
1 0.4979869791666667 0.1473148148148148 0.012986979166666635 0.024124999999999976
1 0.4023125 0.1473472222222222 0.009375000000000022 0.014796296296296271
1 0.44882812499999997 0.21841203703703702 0.013820312500000043 0.02447222222222223
1 0.4910026041666667 0.4281851851851852 0.01163020833333328 0.017953703703703736
1 0.5501979166666667 0.4748842592592592 0.010929687500000007 0.019574074074074115
1 0.6383776041666667 0.5109722222222222 0.011278645833333378 0.01717129629629631
1 0.6733307291666667 0.5558194444444444 0.031028645833333313 0.09956481481481481
1 0.7879479166666666 0.674212962962963 0.011218750000000055 0.018245370370370315
0 0.8076145833333332 0.5875601851851853 0.010359374999999948 0.01598611111111106
1 0.360203125 0.19397685185185184 0.008466145833333383 0.014712962962962983
1 0.34096354166666665 0.25718981481481484 0.008119791666666654 0.0112916666666667
1 0.238984375 0.14891203703703704 0.006861979166666643 0.011148148148148154
1 0.017005208333333334 0.15524074074074073 0.013179687500000002 0.020680555555555567
1 0.17029427083333332 0.44297222222222227 0.009111979166666673 0.018333333333333337
1 0.20409895833333333 0.7232453703703704 0.00954687500000001 0.02087962962962959
1 0.627234375 0.6406944444444445 0.017156249999999984 0.022648148148148195