1 0.7363567708333334 0.18819444444444444 0.020132812499999986 0.03536574074074074
1 0.5978593750000001 0.25296296296296295 0.01372916666666657 0.021972222222222233
1 0.5416354166666667 0.19995833333333335 0.01348177083333324 0.023689814814814802
1 0.5189505208333334 0.1308009259259259 0.009507812500000101 0.019782407407407405
1 0.40193489583333336 0.14680092592592592 0.010072916666666654 0.01658333333333332
1 0.44883854166666665 0.21649074074074073 0.01628645833333331 0.03009259259259256
1 0.3584791666666666 0.1948611111111111 0.008960937500000044 0.018833333333333306
1 0.49109375 0.4281851851851852 0.013796875000000042 0.021490740740740755
1 0.5516328125 0.47449537037037043 0.010078124999999938 0.021310185185185224
1 0.6383593750000001 0.5106435185185185 0.011333333333333417 0.018944444444444503
1 0.628125 0.6396527777777777 0.017260416666666778 0.02416203703703701
1 0.6719791666666667 0.5528981481481482 0.03357291666666673 0.0981157407407408
1 0.7888906250000001 0.6734259259259259 0.011802083333333435 0.017050925925925893
0 0.8081276041666666 0.5870000000000001 0.010671875000000108 0.018060185185185103
1 0.49855729166666674 0.1475138888888889 0.014653645833333284 0.023337962962962963
1 0.34056770833333333 0.2554212962962963 0.0067421874999999964 0.01408796296296296
1 0.2389921875 0.15047685185185183 0.011182291666666677 0.015393518518518532
1 0.017596354166666665 0.15447685185185187 0.011187499999999996 0.018064814814814836
1 0.1706640625 0.4421157407407408 0.009528645833333349 0.01735185185185184
1 0.20375 0.7208935185185186 0.010898437500000024 0.019185185185185145