1 0.7363567708333334 0.8118055555555556 0.020132812499999986 0.03536574074074079
1 0.5978593750000001 0.747037037037037 0.01372916666666657 0.02197222222222233
1 0.5416354166666667 0.8000416666666667 0.01348177083333324 0.023689814814814705
1 0.5189505208333334 0.8691990740740742 0.009507812500000101 0.019782407407407457
1 0.40193489583333336 0.8531990740740741 0.010072916666666654 0.01658333333333337
1 0.44883854166666665 0.7835092592592593 0.01628645833333331 0.030092592592592657
1 0.3584791666666666 0.8051388888888888 0.008960937500000044 0.018833333333333258
1 0.49109375 0.5718148148148148 0.013796875000000042 0.021490740740740852
1 0.5516328125 0.5255046296296295 0.010078124999999938 0.021310185185185224
1 0.6383593750000001 0.4893564814814815 0.011333333333333417 0.018944444444444503
1 0.628125 0.3603472222222222 0.017260416666666778 0.02416203703703701
1 0.6719791666666667 0.44710185185185186 0.03357291666666673 0.0981157407407408
1 0.7888906250000001 0.3265740740740741 0.011802083333333435 0.017050925925925893
0 0.8081276041666666 0.413 0.010671875000000108 0.018060185185185103
1 0.49855729166666674 0.8524861111111111 0.014653645833333284 0.023337962962963015
1 0.34056770833333333 0.7445787037037037 0.0067421874999999964 0.014087962962962861
1 0.2389921875 0.8495231481481481 0.011182291666666677 0.015393518518518532
1 0.017596354166666665 0.8455231481481482 0.011187499999999996 0.018064814814814884
1 0.1706640625 0.5578842592592592 0.009528645833333349 0.017351851851851938
1 0.20375 0.2791064814814815 0.010898437500000024 0.019185185185185145