1 0.7369791666666666 0.18780092592592593 0.02212239583333342 0.03368055555555557
1 0.018966145833333333 0.14888425925925924 0.014981770833333331 0.018449074074074073
1 0.1701796875 0.4423194444444445 0.00907031250000001 0.018013888888888847
1 0.20449479166666665 0.722 0.009773437499999982 0.018101851851851772
1 0.23953385416666664 0.14934259259259258 0.009372395833333325 0.01689351851851854
1 0.36039583333333336 0.19465277777777776 0.010229166666666623 0.018083333333333326
1 0.4030859375 0.14699537037037036 0.009364583333333343 0.016324074074074088
1 0.44995312499999995 0.21760648148148146 0.01268489583333332 0.024425925925925875
1 0.4988880208333334 0.14830092592592592 0.01504166666666662 0.020171296296296277
1 0.519890625 0.13063425925925926 0.008593749999999956 0.01657407407407405
1 0.5431927083333333 0.19988425925925923 0.01068489583333343 0.018657407407407414
1 0.49204166666666665 0.4277777777777778 0.010388020833333345 0.018606481481481474
1 0.5516953125 0.4753564814814815 0.00960937499999992 0.01650462962962962
1 0.6395963541666667 0.5109027777777777 0.00875520833333332 0.019592592592592654
1 0.6285026041666666 0.6400092592592592 0.015315104166666593 0.02350925925925927
1 0.6700911458333334 0.5444490740740741 0.038036458333333245 0.07862500000000001
1 0.7878828124999999 0.6732083333333334 0.010208333333333375 0.016958333333333384
1 0.8076822916666666 0.588138888888889 0.011320312500000096 0.015384259259259162
0 0.5978437499999999 0.2536481481481482 0.009869791666666572 0.018199074074074062
1 0.34033854166666666 0.25717129629629626 0.007437499999999986 0.012472222222222266