1 0.7369791666666666 0.8121990740740741 0.02212239583333342 0.03368055555555552
1 0.018966145833333333 0.8511157407407407 0.014981770833333331 0.018449074074074073
1 0.1701796875 0.5576805555555555 0.00907031250000001 0.018013888888888847
1 0.20449479166666665 0.27799999999999997 0.009773437499999982 0.018101851851851772
1 0.23953385416666664 0.8506574074074074 0.009372395833333325 0.01689351851851859
1 0.36039583333333336 0.8053472222222222 0.010229166666666623 0.01808333333333323
1 0.4030859375 0.8530046296296296 0.009364583333333343 0.01632407407407419
1 0.44995312499999995 0.7823935185185186 0.01268489583333332 0.024425925925925976
1 0.4988880208333334 0.8516990740740741 0.01504166666666662 0.02017129629629623
1 0.519890625 0.8693657407407407 0.008593749999999956 0.016574074074074
1 0.5431927083333333 0.8001157407407408 0.01068489583333343 0.018657407407407414
1 0.49204166666666665 0.5722222222222223 0.010388020833333345 0.018606481481481377
1 0.5516953125 0.5246435185185185 0.00960937499999992 0.01650462962962962
1 0.6395963541666667 0.4890972222222223 0.00875520833333332 0.019592592592592654
1 0.6285026041666666 0.3599907407407408 0.015315104166666593 0.02350925925925927
1 0.6700911458333334 0.45555092592592594 0.038036458333333245 0.07862500000000001
1 0.7878828124999999 0.3267916666666666 0.010208333333333375 0.016958333333333384
1 0.8076822916666666 0.41186111111111107 0.011320312500000096 0.015384259259259162
0 0.5978437499999999 0.7463518518518518 0.009869791666666572 0.018199074074074062
1 0.34033854166666666 0.7428287037037037 0.007437499999999986 0.01247222222222217