1 0.7372552083333334 0.8126018518518519 0.019539062500000037 0.03598148148148144
0 0.5980703125 0.7463981481481482 0.011335937499999948 0.017143518518518402
1 0.5434687500000001 0.7987962962962963 0.013013020833333444 0.01925925925925931
1 0.52040625 0.8689907407407407 0.01088802083333329 0.0165416666666667
1 0.49977864583333337 0.8517685185185185 0.016278645833333383 0.01917592592592597
1 0.4511302083333333 0.782037037037037 0.014903645833333368 0.024097222222222214
1 0.40359635416666667 0.8521898148148148 0.009888020833333289 0.01781018518518529
1 0.3610833333333333 0.8059675925925925 0.008174479166666693 0.014824074074074132
1 0.24017447916666665 0.851175925925926 0.00806510416666667 0.014101851851851817
1 0.3411822916666667 0.7439259259259259 0.007091145833333368 0.010625000000000008
1 0.49301822916666665 0.572699074074074 0.008919270833333326 0.01775000000000008
1 0.5525494791666666 0.5254351851851852 0.009177083333333336 0.019981481481481426
1 0.639625 0.48891203703703706 0.008791666666666753 0.017407407407407365
1 0.6285598958333334 0.35978703703703707 0.01658072916666664 0.023254629629629677
1 0.6728619791666667 0.44567129629629637 0.03360677083333341 0.09710648148148139
1 0.788125 0.32807870370370373 0.010687499999999961 0.016796296296296295
1 0.8079921875 0.412324074074074 0.008770833333333394 0.017263888888888818
1 0.01942708333333333 0.8508888888888889 0.013109375 0.0197361111111112
1 0.17077343749999999 0.5567824074074074 0.00874479166666664 0.01843055555555553
1 0.20510677083333334 0.2755648148148149 0.010372395833333325 0.019018518518518473