1 0.7372552083333334 0.18739814814814812 0.019539062500000037 0.03598148148148149
0 0.5980703125 0.2536018518518518 0.011335937499999948 0.0171435185185185
1 0.5434687500000001 0.2012037037037037 0.013013020833333444 0.01925925925925926
1 0.52040625 0.13100925925925927 0.01088802083333329 0.016541666666666652
1 0.49977864583333337 0.14823148148148146 0.016278645833333383 0.019175925925925923
1 0.4511302083333333 0.217962962962963 0.014903645833333368 0.024097222222222214
1 0.40359635416666667 0.14781018518518518 0.009888020833333289 0.017810185185185193
1 0.3610833333333333 0.19403240740740743 0.008174479166666693 0.014824074074074082
1 0.24017447916666665 0.14882407407407405 0.00806510416666667 0.014101851851851865
1 0.3411822916666667 0.2560740740740741 0.007091145833333368 0.010625000000000008
1 0.49301822916666665 0.42730092592592595 0.008919270833333326 0.01774999999999998
1 0.5525494791666666 0.47456481481481483 0.009177083333333336 0.019981481481481426
1 0.639625 0.511087962962963 0.008791666666666753 0.017407407407407365
1 0.6285598958333334 0.6402129629629629 0.01658072916666664 0.023254629629629677
1 0.6728619791666667 0.5543287037037037 0.03360677083333341 0.09710648148148139
1 0.788125 0.6719212962962963 0.010687499999999961 0.016796296296296295
1 0.8079921875 0.587675925925926 0.008770833333333394 0.017263888888888818
1 0.01942708333333333 0.14911111111111108 0.013109375 0.019736111111111104
1 0.17077343749999999 0.44321759259259264 0.00874479166666664 0.01843055555555553
1 0.20510677083333334 0.7244351851851851 0.010372395833333325 0.019018518518518473