1 0.7375677083333334 0.1879074074074074 0.01954166666666657 0.03297685185185184
0 0.5984973958333333 0.2538796296296296 0.008471354166666778 0.015550925925925933
1 0.5433333333333333 0.19989814814814813 0.01088802083333329 0.018097222222222233
1 0.5196328125 0.13047685185185184 0.008497395833333421 0.014902777777777784
1 0.4993385416666667 0.1480138888888889 0.013351562500000025 0.022162037037037032
1 0.4500572916666667 0.21697222222222223 0.012528645833333352 0.02289814814814813
1 0.4034583333333333 0.14645833333333333 0.008062499999999972 0.013333333333333345
1 0.3612213541666666 0.1949861111111111 0.007828124999999964 0.013226851851851832
1 0.23961197916666666 0.14842592592592593 0.007458333333333345 0.014222222222222235
1 0.34104687499999997 0.25546759259259255 0.006703125000000032 0.011106481481481486
1 0.4928776041666667 0.4280416666666667 0.010289062499999946 0.017499999999999974
1 0.5523541666666667 0.4745925925925925 0.008135416666666728 0.018009259259259263
1 0.640296875 0.5107731481481481 0.008906249999999893 0.015300925925925826
1 0.673921875 0.5542870370370371 0.03178645833333338 0.09775462962962954
1 0.6289817708333333 0.6401620370370371 0.014997395833333371 0.0233425925925926
1 0.7884296875000001 0.6725185185185185 0.010239583333333302 0.018708333333333254
1 0.8077473958333333 0.5877777777777777 0.011148437499999941 0.014606481481481422
1 0.01990625 0.15012037037037035 0.015161458333333334 0.019513888888888904
1 0.1701875 0.4427037037037037 0.007932291666666647 0.013291666666666677
1 0.20551562499999998 0.7222870370370371 0.010640625000000015 0.01688425925925922