1 0.7372994791666667 0.18792129629629628 0.019184895833333382 0.03277777777777777
0 0.5987083333333333 0.2541898148148148 0.01038281250000006 0.01937962962962963
1 0.5430494791666667 0.19865740740740742 0.012562500000000032 0.01807407407407406
1 0.5197890625 0.1303101851851852 0.010296875000000094 0.0158935185185185
1 0.4991770833333333 0.1471759259259259 0.012252604166666625 0.022342592592592612
1 0.4503359375 0.21812962962962965 0.01592968750000001 0.028472222222222232
1 0.40382552083333334 0.1474212962962963 0.009276041666666623 0.018393518518518497
1 0.3605859375 0.19391203703703705 0.008096354166666653 0.014935185185185182
1 0.23946874999999998 0.14833796296296298 0.00854687500000001 0.014513888888888913
1 0.34138541666666666 0.25547685185185187 0.009309895833333304 0.01180092592592589
1 0.4915 0.4277916666666666 0.011177083333333337 0.018254629629629586
1 0.5518177083333333 0.47373611111111114 0.009398437500000023 0.015606481481481459
1 0.6388880208333333 0.5117175925925925 0.008658854166666563 0.01860648148148157
1 0.6715104166666667 0.553236111111111 0.034645833333333265 0.09911111111111105
1 0.6278723958333334 0.6394027777777778 0.014825520833333439 0.023356481481481554
1 0.7876041666666667 0.6736481481481481 0.009510416666666632 0.01761111111111112
1 0.807421875 0.5881018518518518 0.008460937499999988 0.015287037037037068
1 0.019664062500000003 0.14805555555555555 0.014695312500000002 0.018393518518518497
1 0.16995833333333332 0.4413611111111112 0.009427083333333308 0.0168425925925926
1 0.20485937499999998 0.7219212962962963 0.009638020833333316 0.01835185185185178