1 0.7372994791666667 0.8120787037037037 0.019184895833333382 0.03277777777777777
0 0.5987083333333333 0.7458101851851853 0.01038281250000006 0.01937962962962953
1 0.5430494791666667 0.8013425925925926 0.012562500000000032 0.01807407407407406
1 0.5197890625 0.8696898148148148 0.010296875000000094 0.01589351851851855
1 0.4991770833333333 0.8528240740740741 0.012252604166666625 0.022342592592592563
1 0.4503359375 0.7818703703703703 0.01592968750000001 0.028472222222222184
1 0.40382552083333334 0.8525787037037037 0.009276041666666623 0.018393518518518448
1 0.3605859375 0.8060879629629629 0.008096354166666653 0.014935185185185182
1 0.23946874999999998 0.851662037037037 0.00854687500000001 0.014513888888888913
1 0.34138541666666666 0.7445231481481481 0.009309895833333304 0.01180092592592589
1 0.4915 0.5722083333333333 0.011177083333333337 0.018254629629629687
1 0.5518177083333333 0.5262638888888889 0.009398437500000023 0.015606481481481459
1 0.6388880208333333 0.48828240740740747 0.008658854166666563 0.01860648148148157
1 0.6715104166666667 0.4467638888888889 0.034645833333333265 0.09911111111111105
1 0.6278723958333334 0.36059722222222224 0.014825520833333439 0.023356481481481554
1 0.7876041666666667 0.3263518518518519 0.009510416666666632 0.01761111111111112
1 0.807421875 0.4118981481481481 0.008460937499999988 0.015287037037037068
1 0.019664062500000003 0.8519444444444445 0.014695312500000002 0.018393518518518448
1 0.16995833333333332 0.5586388888888888 0.009427083333333308 0.01684259259259255
1 0.20485937499999998 0.27807870370370374 0.009638020833333316 0.01835185185185178