1 0.7376484375000001 0.8123055555555555 0.0188124999999999 0.032949074074074026
0 0.5991562500000001 0.7450509259259258 0.012354166666666666 0.019624999999999955
1 0.5430286458333333 0.7985046296296296 0.013945312499999973 0.018675925925925953
1 0.5197239583333333 0.8694444444444445 0.009450520833333309 0.01892129629629618
1 0.49912239583333334 0.8541296296296296 0.015354166666666669 0.023541666666666572
1 0.45002343749999996 0.782875 0.016372395833333275 0.02836574074074072
1 0.40296614583333334 0.851574074074074 0.008627604166666636 0.016597222222222128
1 0.36108593749999995 0.804324074074074 0.009093750000000012 0.016560185185185244
1 0.23980729166666667 0.8509583333333333 0.007796874999999981 0.01592592592592585
1 0.3406119791666667 0.7434490740740741 0.008476562499999951 0.01521759259259249
1 0.4915598958333333 0.5727037037037037 0.01165104166666664 0.019800925925925996
1 0.5522890625 0.5241157407407407 0.009981770833333403 0.019902777777777873
1 0.6392682291666667 0.49001388888888897 0.010489583333333385 0.018953703703703677
1 0.6287265625 0.358462962962963 0.015460937500000105 0.020643518518518533
1 0.6721744791666667 0.44438425925925923 0.03526041666666657 0.09942592592592586
1 0.7877708333333333 0.3274444444444444 0.010200520833333337 0.0173333333333334
1 0.8078567708333333 0.41027777777777774 0.009690104166666602 0.01663425925925921
1 0.01855208333333333 0.8513611111111111 0.014257812500000001 0.017018518518518592
1 0.1696484375 0.5588518518518518 0.01023697916666666 0.018324074074074066
1 0.20477864583333333 0.2770416666666667 0.008763020833333357 0.021069444444444387