1 0.7376484375000001 0.18769444444444447 0.0188124999999999 0.032949074074074075
0 0.5991562500000001 0.2549490740740741 0.012354166666666666 0.019624999999999955
1 0.5430286458333333 0.20149537037037038 0.013945312499999973 0.018675925925925905
1 0.5197239583333333 0.13055555555555556 0.009450520833333309 0.01892129629629628
1 0.49912239583333334 0.14587037037037037 0.015354166666666669 0.02354166666666667
1 0.45002343749999996 0.217125 0.016372395833333275 0.028365740740740768
1 0.40296614583333334 0.14842592592592593 0.008627604166666636 0.016597222222222225
1 0.36108593749999995 0.19567592592592592 0.009093750000000012 0.01656018518518519
1 0.23980729166666667 0.14904166666666666 0.007796874999999981 0.0159259259259259
1 0.3406119791666667 0.2565509259259259 0.008476562499999951 0.015217592592592588
1 0.4915598958333333 0.4272962962962963 0.01165104166666664 0.0198009259259259
1 0.5522890625 0.47588425925925926 0.009981770833333403 0.019902777777777873
1 0.6392682291666667 0.509986111111111 0.010489583333333385 0.018953703703703677
1 0.6287265625 0.641537037037037 0.015460937500000105 0.020643518518518533
1 0.6721744791666667 0.5556157407407407 0.03526041666666657 0.09942592592592586
1 0.7877708333333333 0.6725555555555556 0.010200520833333337 0.0173333333333334
1 0.8078567708333333 0.5897222222222223 0.009690104166666602 0.01663425925925921
1 0.01855208333333333 0.14863888888888888 0.014257812500000001 0.017018518518518495
1 0.1696484375 0.4411481481481482 0.01023697916666666 0.018324074074074066
1 0.20477864583333333 0.7229583333333333 0.008763020833333357 0.021069444444444387