1 0.7365234375 0.1866898148148148 0.02045312499999996 0.03500462962962963
0 0.5977447916666667 0.2538796296296296 0.010914062499999932 0.016310185185185233
1 0.542890625 0.1993888888888889 0.010591145833333426 0.01903240740740743
1 0.5198645833333333 0.13070370370370368 0.008364583333333231 0.0154351851851852
1 0.44996354166666663 0.2174722222222222 0.01711718750000002 0.023476851851851825
1 0.4989166666666667 0.1477314814814815 0.011463541666666632 0.02121759259259257
1 0.4026796875 0.1457175925925926 0.009822916666666681 0.015810185185185163
1 0.3603203125 0.1956712962962963 0.010049479166666653 0.01780092592592592
1 0.34124739583333336 0.25669907407407405 0.0075885416666666705 0.01435648148148151
1 0.24006770833333332 0.14903240740740742 0.010414062499999988 0.016236111111111118
1 0.018445312499999998 0.15085185185185185 0.010510416666666668 0.02194444444444442
1 0.1702630208333333 0.44134722222222217 0.01005208333333335 0.015430555555555515
1 0.20448177083333333 0.722087962962963 0.011773437499999984 0.015620370370370415
1 0.49183593750000004 0.4280509259259259 0.011268229166666699 0.020560185185185195
1 0.5513177083333333 0.47591666666666665 0.00998958333333344 0.019064814814814725
1 0.6393255208333334 0.5109305555555556 0.009132812500000087 0.02082870370370375
1 0.6731093749999999 0.552074074074074 0.03209375000000003 0.09483796296296296
1 0.6279244791666667 0.6393425925925925 0.01619531250000006 0.02320370370370364
1 0.7858828125 0.6741481481481482 0.012895833333333329 0.017648148148148204
1 0.8064322916666666 0.5879166666666668 0.010164062499999904 0.016199074074073987