1 0.7370859375 0.8110972222222222 0.019221354166666593 0.035731481481481434
1 0.5981614583333333 0.7461388888888888 0.011445312500000027 0.019324074074074105
1 0.5431015625000001 0.7992546296296297 0.014281250000000023 0.019407407407407443
1 0.5196302083333334 0.8691342592592592 0.008705729166666565 0.015300925925926023
1 0.49952864583333334 0.8519675925925926 0.012226562499999982 0.023726851851851787
1 0.45002604166666665 0.7829537037037038 0.01439062499999999 0.026092592592592508
1 0.40353124999999995 0.8518472222222222 0.009710937499999961 0.018245370370370315
1 0.36057552083333333 0.8054768518518518 0.00782291666666668 0.01572222222222229
1 0.34096875 0.7439259259259259 0.006973958333333363 0.01079166666666668
1 0.23945572916666666 0.8517314814814815 0.007359375000000001 0.01428703703703703
1 0.4923958333333333 0.5712592592592594 0.010393229166666629 0.020421296296296434
1 0.5521458333333332 0.5250231481481481 0.008578125000000103 0.017629629629629662
1 0.6388020833333333 0.4896805555555556 0.008489583333333384 0.01667592592592588
1 0.6727083333333332 0.4457268518518519 0.03214843750000007 0.09811111111111101
1 0.6279375 0.3601342592592593 0.01676822916666665 0.02351388888888886
1 0.7881822916666666 0.3265833333333334 0.009528645833333238 0.015171296296296235
1 0.8074869791666667 0.41199074074074077 0.009986979166666687 0.016212962962962943
1 0.020479166666666666 0.8494583333333333 0.014747395833333336 0.02183796296296296
1 0.20526041666666667 0.27661574074074075 0.010635416666666675 0.021518518518518565