1 0.7386067708333334 0.18686111111111112 0.016020833333333373 0.03219444444444446
0 0.5988489583333333 0.25184259259259256 0.012690104166666716 0.020768518518518537
1 0.5435520833333333 0.20043055555555556 0.015609374999999925 0.020768518518518537
1 0.4500911458333333 0.2186388888888889 0.01450260416666671 0.03148148148148149
1 0.5199921875 0.13112962962962962 0.00969791666666664 0.022273148148148132
1 0.40389322916666665 0.14723148148148146 0.008864583333333287 0.017199074074074075
1 0.36020833333333335 0.19525 0.011867187500000043 0.0168425925925926
1 0.49259375 0.4284259259259259 0.009851562499999966 0.021759259259259305
1 0.5516875 0.4747685185185185 0.006572916666666595 0.021898148148148167
1 0.6395208333333334 0.5114722222222222 0.008885416666666757 0.022430555555555485
1 0.673609375 0.5543703703703704 0.03289062500000006 0.09950000000000002
1 0.6293229166666666 0.6410138888888889 0.01401041666666658 0.02412037037037034
1 0.7882317708333333 0.672787037037037 0.009869791666666572 0.015254629629629571
1 0.8079869791666666 0.5875740740740741 0.009630208333333279 0.01409722222222223
1 0.239140625 0.14843981481481483 0.009085937499999974 0.014435185185185162
1 0.019059895833333333 0.14800000000000002 0.014067708333333331 0.018796296296296273
1 0.20440885416666665 0.7223518518518518 0.012260416666666663 0.019277777777777852
1 0.16976822916666665 0.44266666666666665 0.00923177083333332 0.017439814814814863
1 0.340859375 0.25597685185185187 0.008356770833333305 0.012254629629629655