1 0.7369739583333333 0.1890601851851852 0.0208124999999999 0.035569444444444445
0 0.5980208333333333 0.2520555555555556 0.011427083333333421 0.01903240740740743
1 0.5429192708333334 0.19866666666666666 0.011166666666666769 0.02124537037037038
1 0.5203177083333334 0.13057407407407406 0.010177083333333226 0.017115740740740737
1 0.4989140625 0.1469490740740741 0.013348958333333383 0.021041666666666674
1 0.45042187499999997 0.21828703703703703 0.015989583333333335 0.028000000000000025
1 0.4035 0.14673148148148146 0.009101562500000049 0.015888888888888866
1 0.36005468749999997 0.19462037037037036 0.009750000000000036 0.019439814814814788
1 0.3408098958333333 0.25581018518518517 0.006635416666666671 0.012916666666666663
1 0.23965104166666665 0.14849074074074073 0.007986979166666686 0.014699074074074078
1 0.49164843750000004 0.42819444444444443 0.009726562500000036 0.020222222222222266
1 0.55184375 0.475162037037037 0.009562499999999918 0.018273148148148226
1 0.6389505208333334 0.5114814814814815 0.010458333333333236 0.017546296296296324
1 0.6729088541666666 0.5534722222222223 0.0329869791666666 0.09786574074074078
1 0.6282552083333334 0.6395833333333333 0.016481770833333353 0.021708333333333368
1 0.7873776041666667 0.67225 0.009906250000000005 0.012625000000000084
1 0.8067916666666667 0.5876666666666667 0.010713541666666604 0.015861111111111055
1 0.018578125 0.14888425925925924 0.013575520833333334 0.01914814814814816
1 0.1704453125 0.44094444444444447 0.007229166666666675 0.015337962962963006
1 0.20423697916666667 0.7232222222222222 0.009375000000000022 0.01868055555555554