1 0.7369739583333333 0.8109398148148148 0.0208124999999999 0.03556944444444435
0 0.5980208333333333 0.7479444444444444 0.011427083333333421 0.01903240740740743
1 0.5429192708333334 0.8013333333333333 0.011166666666666769 0.02124537037037043
1 0.5203177083333334 0.8694259259259259 0.010177083333333226 0.01711574074074069
1 0.4989140625 0.8530509259259259 0.013348958333333383 0.021041666666666674
1 0.45042187499999997 0.7817129629629629 0.015989583333333335 0.028000000000000073
1 0.4035 0.8532685185185185 0.009101562500000049 0.015888888888888966
1 0.36005468749999997 0.8053796296296296 0.009750000000000036 0.01943981481481474
1 0.3408098958333333 0.7441898148148147 0.006635416666666671 0.012916666666666762
1 0.23965104166666665 0.8515092592592592 0.007986979166666686 0.014699074074074127
1 0.49164843750000004 0.5718055555555556 0.009726562500000036 0.020222222222222266
1 0.55184375 0.5248379629629629 0.009562499999999918 0.018273148148148226
1 0.6389505208333334 0.4885185185185185 0.010458333333333236 0.017546296296296324
1 0.6729088541666666 0.44652777777777775 0.0329869791666666 0.09786574074074078
1 0.6282552083333334 0.3604166666666667 0.016481770833333353 0.021708333333333368
1 0.7873776041666667 0.32775 0.009906250000000005 0.012625000000000084
1 0.8067916666666667 0.4123333333333334 0.010713541666666604 0.015861111111111055
1 0.018578125 0.8511157407407407 0.013575520833333334 0.01914814814814826
1 0.1704453125 0.5590555555555555 0.007229166666666675 0.015337962962962907
1 0.20423697916666667 0.27677777777777773 0.009375000000000022 0.01868055555555554