1 0.7377864583333333 0.18730555555555553 0.01975781249999997 0.03537962962962964
1 0.5983177083333333 0.2527083333333333 0.009770833333333284 0.016606481481481496
0 0.5468177083333334 0.19995833333333335 0.01453645833333339 0.02034722222222222
1 0.5201484375 0.1299351851851852 0.007989583333333439 0.014745370370370381
1 0.49914583333333334 0.14746296296296296 0.013252604166666626 0.021231481481481476
1 0.40339322916666664 0.14708796296296295 0.00986718750000004 0.01544444444444442
1 0.44990364583333337 0.21764814814814815 0.014028645833333298 0.024638888888888877
1 0.36069010416666664 0.19414351851851852 0.008596354166666709 0.013763888888888885
1 0.23959635416666666 0.14872222222222223 0.007942708333333326 0.016189814814814813
1 0.34092187500000004 0.25581944444444443 0.006125000000000047 0.009847222222222266
1 0.0185859375 0.1490925925925926 0.012140624999999997 0.019421296296296298
1 0.17048697916666666 0.4438009259259259 0.00856510416666667 0.017898148148148114
1 0.204734375 0.7221249999999999 0.011283854166666663 0.015546296296296249
1 0.49183333333333334 0.4281435185185185 0.010515625000000028 0.019671296296296308
1 0.5517682291666667 0.474537037037037 0.009744791666666641 0.020046296296296222
1 0.6396536458333333 0.510837962962963 0.009684895833333318 0.017356481481481525
1 0.6733958333333334 0.5541435185185185 0.032895833333333346 0.09768981481481474
1 0.6287291666666667 0.6390185185185184 0.017036458333333337 0.02616666666666667
1 0.7872239583333334 0.6723564814814815 0.00900260416666665 0.01640740740740733
1 0.8066119791666666 0.5883055555555555 0.010877604166666721 0.016569444444444414