1 0.7356041666666666 0.8114259259259259 0.021976562499999908 0.039851851851851805
1 0.5975807291666667 0.745736111111111 0.008257812499999906 0.0167638888888888
0 0.546921875 0.8004722222222223 0.00989062499999993 0.017606481481481535
1 0.5189739583333333 0.869449074074074 0.007867187500000039 0.016041666666666683
1 0.4989609375 0.8518564814814815 0.011843750000000042 0.02264351851851841
1 0.449171875 0.7814768518518519 0.012677083333333283 0.02450925925925931
1 0.4034244791666667 0.8516342592592593 0.009187500000000015 0.016069444444444397
1 0.36042708333333334 0.8047777777777778 0.008375000000000021 0.014009259259259308
1 0.3403359375 0.7436481481481481 0.006552083333333347 0.01041203703703708
1 0.23904687500000002 0.8515925925925926 0.007333333333333358 0.013143518518518447
1 0.4923489583333333 0.5708333333333333 0.0113151041666667 0.022083333333333382
1 0.5516197916666666 0.5240601851851853 0.009700520833333393 0.019351851851851818
1 0.63840625 0.48983796296296295 0.00839583333333338 0.015592592592592503
1 0.6716953125 0.44505555555555554 0.03492187499999999 0.09762962962962954
1 0.6270859375000001 0.3598101851851852 0.015088541666666622 0.02191666666666671
1 0.7857708333333333 0.32735648148148144 0.011195312499999943 0.016620370370370452
1 0.8052812500000001 0.4121666666666667 0.011005208333333405 0.014981481481481436
1 0.019348958333333333 0.8504814814814815 0.014721354166666666 0.019384259259259313
1 0.1702421875 0.558449074074074 0.007937499999999986 0.014259259259259317
1 0.20485416666666667 0.27718518518518526 0.01143749999999999 0.018685185185185124