1 0.7356041666666666 0.1885740740740741 0.021976562499999908 0.039851851851851854
1 0.5975807291666667 0.2542638888888889 0.008257812499999906 0.016763888888888898
0 0.546921875 0.19952777777777778 0.00989062499999993 0.017606481481481487
1 0.5189739583333333 0.13055092592592593 0.007867187500000039 0.016041666666666683
1 0.4989609375 0.14814351851851854 0.011843750000000042 0.02264351851851851
1 0.449171875 0.21852314814814813 0.012677083333333283 0.024509259259259262
1 0.4034244791666667 0.14836574074074074 0.009187500000000015 0.016069444444444445
1 0.36042708333333334 0.1952222222222222 0.008375000000000021 0.014009259259259258
1 0.3403359375 0.2563518518518519 0.006552083333333347 0.01041203703703708
1 0.23904687500000002 0.1484074074074074 0.007333333333333358 0.013143518518518495
1 0.4923489583333333 0.42916666666666664 0.0113151041666667 0.022083333333333382
1 0.5516197916666666 0.4759398148148148 0.009700520833333393 0.019351851851851818
1 0.63840625 0.5101620370370371 0.00839583333333338 0.015592592592592503
1 0.6716953125 0.5549444444444445 0.03492187499999999 0.09762962962962954
1 0.6270859375000001 0.6401898148148147 0.015088541666666622 0.02191666666666671
1 0.7857708333333333 0.6726435185185186 0.011195312499999943 0.016620370370370452
1 0.8052812500000001 0.5878333333333333 0.011005208333333405 0.014981481481481436
1 0.019348958333333333 0.1495185185185185 0.014721354166666666 0.019384259259259264
1 0.1702421875 0.44155092592592593 0.007937499999999986 0.014259259259259218
1 0.20485416666666667 0.7228148148148148 0.01143749999999999 0.018685185185185124