1 0.7374140625 0.18792129629629628 0.01830729166666667 0.03174537037037038
0 0.5469817708333333 0.2009212962962963 0.01479427083333329 0.029222222222222212
1 0.5987708333333334 0.25210185185185185 0.009622395833333242 0.019592592592592557
1 0.5197578125 0.1296111111111111 0.008479166666666593 0.01337962962962965
1 0.45014062499999996 0.21700462962962963 0.013645833333333357 0.02757870370370368
1 0.5000807291666667 0.14850925925925926 0.01547395833333337 0.023708333333333345
1 0.5520833333333334 0.474537037037037 0.01251562500000003 0.02075925925925917
1 0.4916770833333333 0.4269675925925926 0.011148437500000052 0.019643518518518494
1 0.6406875 0.510074074074074 0.009666666666666712 0.018935185185185135
1 0.6724765625 0.5526574074074074 0.03521093750000004 0.09776388888888891
1 0.6280833333333333 0.6388750000000001 0.01832812500000003 0.025101851851851837
1 0.7887161458333334 0.6724166666666667 0.012755208333333323 0.021402777777777732
1 0.8086744791666667 0.5896898148148149 0.010481770833333348 0.015476851851851868
1 0.40352083333333333 0.14633796296296295 0.007765624999999998 0.014074074074074053
1 0.3610338541666666 0.19499074074074074 0.009549479166666708 0.017361111111111112
1 0.23965885416666666 0.14830555555555555 0.00925520833333332 0.018009259259259263
1 0.019442708333333333 0.14824537037037036 0.012140624999999997 0.01894907407407409
1 0.20554166666666665 0.723212962962963 0.011145833333333355 0.0236898148148149
1 0.17029427083333332 0.44053240740740734 0.008989583333333329 0.015074074074074042
1 0.3414895833333333 0.2561481481481481 0.010278645833333377 0.01712499999999996