1 0.7374140625 0.8120787037037037 0.01830729166666667 0.03174537037037043
0 0.5469817708333333 0.7990787037037037 0.01479427083333329 0.029222222222222212
1 0.5987708333333334 0.7478981481481481 0.009622395833333242 0.019592592592592654
1 0.5197578125 0.8703888888888889 0.008479166666666593 0.013379629629629698
1 0.45014062499999996 0.7829953703703704 0.013645833333333357 0.02757870370370361
1 0.5000807291666667 0.8514907407407407 0.015473958333333426 0.023708333333333245
1 0.5520833333333334 0.525462962962963 0.01251562500000003 0.02075925925925917
1 0.4916770833333333 0.5730324074074074 0.011148437500000052 0.019643518518518494
1 0.6406875 0.48992592592592593 0.009666666666666712 0.018935185185185135
1 0.6724765625 0.44734259259259257 0.03521093750000004 0.09776388888888891
1 0.6280833333333333 0.361125 0.01832812500000003 0.025101851851851837
1 0.7887161458333334 0.32758333333333334 0.012755208333333323 0.021402777777777732
1 0.8086744791666667 0.41031018518518514 0.010481770833333348 0.015476851851851868
1 0.40352083333333333 0.853662037037037 0.007765624999999998 0.014074074074074103
1 0.3610338541666666 0.8050092592592593 0.009549479166666708 0.017361111111111112
1 0.23965885416666666 0.8516944444444445 0.00925520833333332 0.018009259259259263
1 0.019442708333333333 0.8517546296296297 0.012140624999999995 0.01894907407407409
1 0.20554166666666665 0.276787037037037 0.011145833333333355 0.0236898148148149
1 0.17029427083333332 0.5594675925925926 0.008989583333333329 0.015074074074073943
1 0.3414895833333333 0.7438518518518519 0.010278645833333377 0.017125000000000057