1 0.7375755208333333 0.1885648148148148 0.020526041666666606 0.03813888888888887
1 0.5978072916666667 0.2527083333333333 0.008195312500000052 0.018712962962962938
0 0.5458645833333333 0.19751388888888888 0.013703124999999927 0.02189351851851853
1 0.49903906249999996 0.14652777777777778 0.013158854166666734 0.02160648148148149
1 0.5203125 0.13069444444444445 0.0072708333333333375 0.013689814814814818
1 0.4493802083333333 0.2172222222222222 0.014041666666666619 0.021967592592592598
1 0.4035859375 0.14716666666666667 0.010968749999999972 0.016939814814814793
1 0.360515625 0.19485185185185186 0.009580729166666635 0.01731018518518517
1 0.23948177083333333 0.1481111111111111 0.00925520833333332 0.015870370370370375
1 0.34064843749999996 0.25643518518518515 0.007841145833333285 0.012814814814814786
1 0.018981770833333335 0.14831944444444445 0.013744791666666666 0.017763888888888888
1 0.1706015625 0.4432175925925926 0.010109374999999976 0.017476851851851844
1 0.20415104166666667 0.7208379629629629 0.011658854166666677 0.01899999999999993
1 0.4919505208333333 0.4272361111111111 0.011502604166666708 0.01743518518518518
1 0.5513697916666667 0.47352777777777777 0.009684895833333318 0.018712962962963035
1 0.6385729166666666 0.511462962962963 0.007895833333333435 0.020361111111111028
1 0.6730234374999999 0.5562824074074073 0.03504687499999992 0.09812962962962955
1 0.6281588541666667 0.6394398148148148 0.015875000000000083 0.02320370370370364
1 0.7872864583333333 0.6720324074074074 0.012226562499999982 0.01491666666666664
1 0.8076770833333333 0.5876666666666667 0.010421875000000025 0.015416666666666658