1 0.7375755208333333 0.8114351851851852 0.020526041666666606 0.03813888888888882
1 0.5978072916666667 0.7472916666666667 0.008195312500000052 0.018712962962963035
0 0.5458645833333333 0.802486111111111 0.013703124999999927 0.02189351851851858
1 0.49903906249999996 0.8534722222222223 0.013158854166666734 0.02160648148148149
1 0.5203125 0.8693055555555556 0.0072708333333333375 0.013689814814814917
1 0.4493802083333333 0.7827777777777778 0.014041666666666619 0.02196759259259255
1 0.4035859375 0.8528333333333333 0.010968749999999972 0.01693981481481484
1 0.360515625 0.8051481481481482 0.009580729166666635 0.017310185185185272
1 0.23948177083333333 0.8518888888888889 0.00925520833333332 0.015870370370370424
1 0.34064843749999996 0.7435648148148148 0.007841145833333285 0.012814814814814883
1 0.018981770833333335 0.8516805555555556 0.013744791666666666 0.01776388888888884
1 0.1706015625 0.5567824074074075 0.010109374999999976 0.017476851851851747
1 0.20415104166666667 0.2791620370370371 0.011658854166666677 0.01899999999999993
1 0.4919505208333333 0.572763888888889 0.011502604166666708 0.017435185185185276
1 0.5513697916666667 0.5264722222222222 0.009684895833333318 0.018712962962963035
1 0.6385729166666666 0.48853703703703705 0.007895833333333435 0.020361111111111028
1 0.6730234374999999 0.44371759259259264 0.03504687499999992 0.09812962962962955
1 0.6281588541666667 0.3605601851851852 0.015875000000000083 0.02320370370370364
1 0.7872864583333333 0.3279675925925926 0.012226562499999982 0.01491666666666664
1 0.8076770833333333 0.4123333333333334 0.010421875000000025 0.015416666666666658