1 0.7375494791666667 0.18854166666666666 0.020065104166666625 0.03543518518518517
1 0.5986276041666667 0.25273148148148145 0.011585937500000032 0.021111111111111153
0 0.5473515624999999 0.19929166666666667 0.01247135416666656 0.018574074074074076
1 0.5207239583333333 0.12977314814814817 0.009661458333333428 0.016606481481481496
1 0.4995260416666667 0.14763425925925924 0.013268229166666645 0.018486111111111106
1 0.450578125 0.21781018518518522 0.01563541666666668 0.025717592592592615
1 0.4036953125 0.14619444444444443 0.011020833333333369 0.01729166666666668
1 0.36050260416666663 0.19466666666666665 0.00966406249999996 0.01779166666666665
1 0.34096875 0.2555046296296296 0.006768229166666639 0.011425925925925876
1 0.2394296875 0.14832407407407405 0.008335937500000001 0.01365740740740742
1 0.0197265625 0.1494953703703704 0.013434895833333335 0.01825925925925927
1 0.17145312499999998 0.4408425925925925 0.008492187500000026 0.014912037037037005
1 0.20499479166666665 0.7237129629629631 0.011802083333333324 0.020546296296296243
1 0.49279166666666663 0.42783796296296295 0.01249218750000003 0.02161574074074076
1 0.5526770833333334 0.4754537037037037 0.012966145833333442 0.02038888888888894
1 0.6398880208333333 0.5100972222222222 0.00939583333333327 0.01860185185185179
1 0.6753151041666666 0.5545138888888889 0.03233854166666661 0.10067129629629631
1 0.7885989583333333 0.671537037037037 0.01079947916666657 0.01716203703703694
1 0.8085026041666666 0.5873703703703703 0.01189843749999997 0.016916666666666715