1 0.7361119791666667 0.18452314814814813 0.028200520833333353 0.04795370370370369
1 0.5984348958333333 0.2528101851851852 0.018468750000000034 0.027120370370370357
0 0.5463072916666667 0.19493981481481482 0.01708333333333334 0.027120370370370357
1 0.5521927083333333 0.47575462962962967 0.010489583333333385 0.019453703703703695
1 0.6399739583333334 0.5100185185185185 0.009864583333333288 0.02267129629629632
1 0.49245572916666663 0.42744444444444446 0.012098958333333298 0.024527777777777753
1 0.6737161458333334 0.5539953703703704 0.03518229166666664 0.09800462962962955
1 0.6289088541666668 0.6384675925925926 0.01528906249999995 0.027199074074074008
1 0.44926302083333336 0.2162361111111111 0.01589322916666669 0.028157407407407402
1 0.4992760416666667 0.14825925925925926 0.012380208333333365 0.020615740740740723
1 0.521140625 0.1301574074074074 0.00809375000000001 0.015583333333333331
1 0.4027838541666667 0.14803240740740742 0.011867187500000043 0.019421296296296298
1 0.3602734375 0.19244444444444445 0.008260416666666659 0.022138888888888906
1 0.7876848958333333 0.6725509259259259 0.010937500000000044 0.01965740740740745
1 0.8079140625 0.5886574074074074 0.01131510416666659 0.015907407407407505
1 0.341796875 0.25618981481481484 0.00930468750000002 0.013805555555555552
1 0.2400520833333333 0.149 0.008723958333333337 0.018384259259259277
1 0.019901041666666668 0.14947222222222223 0.017669270833333334 0.020074074074074084
1 0.20359635416666666 0.7228425925925925 0.012216145833333358 0.025231481481481428
1 0.17057291666666666 0.4438796296296296 0.01005208333333335 0.019541666666666617