1 0.7361119791666667 0.8154768518518519 0.028200520833333353 0.04795370370370379
1 0.5984348958333333 0.7471898148148148 0.018468750000000034 0.027120370370370454
0 0.5463072916666667 0.8050601851851852 0.01708333333333334 0.027120370370370454
1 0.5521927083333333 0.5242453703703703 0.010489583333333385 0.019453703703703695
1 0.6399739583333334 0.48998148148148146 0.009864583333333288 0.02267129629629632
1 0.49245572916666663 0.5725555555555556 0.012098958333333298 0.024527777777777655
1 0.6737161458333334 0.4460046296296296 0.03518229166666664 0.09800462962962955
1 0.6289088541666668 0.3615324074074075 0.01528906249999995 0.027199074074074008
1 0.44926302083333336 0.7837638888888888 0.01589322916666669 0.028157407407407378
1 0.4992760416666667 0.8517407407407407 0.012380208333333309 0.020615740740740622
1 0.521140625 0.8698425925925926 0.00809375000000001 0.015583333333333331
1 0.4027838541666667 0.8519675925925926 0.011867187500000043 0.019421296296296395
1 0.3602734375 0.8075555555555556 0.008260416666666659 0.022138888888889003
1 0.7876848958333333 0.32744907407407403 0.010937500000000044 0.01965740740740745
1 0.8079140625 0.4113425925925926 0.01131510416666659 0.015907407407407505
1 0.341796875 0.7438101851851852 0.00930468750000002 0.013805555555555552
1 0.2400520833333333 0.851 0.008723958333333337 0.018384259259259277
1 0.019901041666666668 0.8505277777777778 0.017669270833333334 0.020074074074074133
1 0.20359635416666666 0.27715740740740746 0.012216145833333358 0.025231481481481428
1 0.17057291666666666 0.5561203703703703 0.01005208333333335 0.019541666666666617