1 0.7375416666666667 0.1875925925925926 0.02039583333333339 0.031277777777777765
1 0.5977109375 0.25343055555555555 0.009434895833333234 0.019583333333333286
0 0.5462682291666667 0.19643981481481482 0.010869791666666684 0.0196898148148148
1 0.520171875 0.13112500000000002 0.009468749999999915 0.017787037037037014
1 0.49886458333333333 0.14825925925925926 0.013179687499999981 0.022157407407407397
1 0.44955729166666664 0.21739814814814815 0.013395833333333385 0.026222222222222244
1 0.40265364583333335 0.14792129629629627 0.009846354166666682 0.015379629629629625
1 0.3595520833333333 0.19406481481481483 0.00909114583333337 0.017986111111111085
1 0.34052864583333337 0.2562083333333333 0.006731770833333317 0.011717592592592554
1 0.23918229166666669 0.14866666666666667 0.009596354166666654 0.015041666666666644
1 0.0192734375 0.1501064814814815 0.012807291666666665 0.019143518518518525
1 0.20428645833333334 0.7216111111111112 0.00980989583333336 0.01887037037037034
1 0.5506041666666667 0.4747175925925926 0.009247395833333227 0.019856481481481423
1 0.6391041666666666 0.5112870370370372 0.008833333333333249 0.018564814814814905
1 0.6729791666666666 0.5555972222222222 0.03299999999999992 0.09804166666666664
1 0.49213541666666666 0.42853703703703705 0.011388020833333345 0.022060185185185155
1 0.7869375000000001 0.6728194444444444 0.009718749999999998 0.014634259259259331
1 0.8073125 0.589375 0.008255208333333375 0.016129629629629605