1 0.7375416666666667 0.8124074074074074 0.02039583333333339 0.03127777777777771
1 0.5977109375 0.7465694444444444 0.009434895833333234 0.019583333333333286
0 0.5462682291666667 0.8035601851851851 0.010869791666666684 0.01968981481481475
1 0.520171875 0.868875 0.009468749999999915 0.017787037037036966
1 0.49886458333333333 0.8517407407407407 0.013179687499999981 0.022157407407407348
1 0.44955729166666664 0.7826018518518518 0.013395833333333385 0.026222222222222296
1 0.40265364583333335 0.8520787037037036 0.009846354166666682 0.015379629629629576
1 0.3595520833333333 0.8059351851851851 0.00909114583333337 0.017986111111111133
1 0.34052864583333337 0.7437916666666666 0.006731770833333317 0.011717592592592554
1 0.23918229166666669 0.8513333333333333 0.009596354166666654 0.015041666666666644
1 0.0192734375 0.8498935185185185 0.012807291666666665 0.019143518518518476
1 0.20428645833333334 0.27838888888888885 0.00980989583333336 0.01887037037037034
1 0.5506041666666667 0.5252824074074074 0.009247395833333227 0.019856481481481423
1 0.6391041666666666 0.4887129629629629 0.008833333333333249 0.018564814814814905
1 0.6729791666666666 0.44440277777777776 0.03299999999999992 0.09804166666666664
1 0.49213541666666666 0.571462962962963 0.011388020833333345 0.022060185185185058
1 0.7869375000000001 0.3271805555555556 0.009718749999999998 0.014634259259259331
1 0.8073125 0.4106250000000001 0.008255208333333375 0.016129629629629605