1 0.7364921875 0.8104722222222223 0.01988802083333341 0.034583333333333265
0 0.5468333333333334 0.802050925925926 0.0132447916666667 0.024499999999999942
1 0.5974739583333334 0.7469861111111111 0.012932291666666762 0.02435185185185181
1 0.44944531249999997 0.7811157407407407 0.015309895833333309 0.029902777777777858
1 0.5187447916666666 0.8683101851851851 0.010796875000000039 0.01615740740740732
1 0.49837760416666665 0.8525092592592594 0.013531249999999995 0.017365740740740696
1 0.49065624999999996 0.5738333333333334 0.013231770833333378 0.02246296296296298
1 0.551296875 0.5235925925925926 0.011916666666666575 0.021351851851851893
1 0.6382890625000001 0.4904768518518519 0.010554687499999993 0.020722222222222284
1 0.67315625 0.44580092592592596 0.03193229166666667 0.09791666666666662
1 0.62725 0.3613101851851852 0.01680468750000008 0.026370370370370426
1 0.7867708333333333 0.3274953703703704 0.011526041666666709 0.01759259259259258
1 0.8065130208333334 0.41133333333333333 0.009494791666666558 0.018365740740740735
1 0.4032421875 0.8530462962962964 0.012283854166666663 0.014560185185185167
1 0.3600364583333333 0.805287037037037 0.011841145833333289 0.02324074074074072
1 0.34019791666666666 0.7437592592592592 0.01026041666666666 0.016916666666666715
1 0.2399609375 0.8524675925925926 0.01151041666666669 0.01918981481481473
1 0.019651041666666664 0.8501759259259258 0.017317708333333334 0.020296296296296232
1 0.2041328125 0.2795925925925926 0.012630208333333337 0.02135648148148148