1 0.7364921875 0.18952777777777777 0.01988802083333341 0.03458333333333331
0 0.5468333333333334 0.19794907407407406 0.0132447916666667 0.02449999999999999
1 0.5974739583333334 0.25301388888888887 0.012932291666666762 0.02435185185185181
1 0.44944531249999997 0.21888425925925928 0.015309895833333309 0.02990277777777776
1 0.5187447916666666 0.1316898148148148 0.010796875000000039 0.016157407407407415
1 0.49837760416666665 0.14749074074074076 0.013531249999999995 0.017365740740740748
1 0.49065624999999996 0.42616666666666664 0.013231770833333378 0.02246296296296298
1 0.551296875 0.4764074074074074 0.011916666666666575 0.021351851851851893
1 0.6382890625000001 0.5095231481481481 0.010554687499999993 0.020722222222222284
1 0.67315625 0.5541990740740741 0.03193229166666667 0.09791666666666662
1 0.62725 0.6386898148148148 0.01680468750000008 0.026370370370370426
1 0.7867708333333333 0.6725046296296296 0.011526041666666709 0.01759259259259258
1 0.8065130208333334 0.5886666666666667 0.009494791666666558 0.018365740740740735
1 0.4032421875 0.14695370370370373 0.012283854166666663 0.014560185185185167
1 0.3600364583333333 0.19471296296296295 0.011841145833333289 0.02324074074074072
1 0.34019791666666666 0.25624074074074077 0.01026041666666666 0.016916666666666715
1 0.2399609375 0.14753240740740742 0.01151041666666669 0.01918981481481483
1 0.019651041666666664 0.14982407407407405 0.017317708333333334 0.02029629629629628
1 0.2041328125 0.7204074074074074 0.012630208333333337 0.02135648148148148