1 0.7366302083333333 0.8108518518518518 0.019932291666666657 0.03291666666666673
1 0.59746875 0.7469953703703703 0.009190104166666657 0.017958333333333423
0 0.5466666666666666 0.8010555555555556 0.01379687499999993 0.01973148148148142
1 0.5192708333333333 0.8693333333333333 0.008523437500000064 0.016439814814814824
1 0.4988463541666666 0.8524490740740741 0.011221354166666697 0.020453703703703734
1 0.4492161458333333 0.7830416666666666 0.0140755208333333 0.024787037037037035
1 0.3599375 0.8049907407407407 0.009174479166666694 0.017314814814814856
1 0.40255468749999995 0.8516574074074074 0.008007812500000044 0.016879629629629633
1 0.23900260416666666 0.8512962962962963 0.009614583333333315 0.016087962962962936
1 0.018187500000000002 0.852162037037037 0.012463541666666668 0.014958333333333308
1 0.20473177083333333 0.27676388888888886 0.011421875000000026 0.01977777777777787
1 0.49132552083333336 0.5725324074074074 0.010010416666666688 0.019893518518518505
1 0.5512369791666667 0.5254722222222222 0.010302083333333378 0.016875000000000046
1 0.6386875 0.48932407407407413 0.008807291666666606 0.016925925925925886
1 0.671453125 0.4442175925925926 0.03386718750000006 0.09833333333333331
1 0.6278776041666667 0.35938425925925926 0.016385416666666597 0.02362499999999991
1 0.7867135416666666 0.3271990740740741 0.010815104166666645 0.0193888888888889
1 0.8064869791666666 0.4110231481481481 0.010744791666666753 0.018398148148148233
1 0.3404036458333334 0.744736111111111 0.00799218749999997 0.012986111111111143