1 0.7366302083333333 0.18914814814814815 0.019932291666666657 0.03291666666666668
1 0.59746875 0.25300462962962966 0.009190104166666657 0.017958333333333323
0 0.5466666666666666 0.19894444444444445 0.01379687499999993 0.019731481481481468
1 0.5192708333333333 0.13066666666666665 0.008523437500000064 0.016439814814814824
1 0.4988463541666666 0.1475509259259259 0.011221354166666697 0.020453703703703682
1 0.4492161458333333 0.21695833333333336 0.0140755208333333 0.024787037037037035
1 0.3599375 0.19500925925925927 0.009174479166666694 0.017314814814814807
1 0.40255468749999995 0.1483425925925926 0.008007812500000044 0.016879629629629633
1 0.23900260416666666 0.1487037037037037 0.009614583333333315 0.016087962962962936
1 0.018187500000000002 0.14783796296296295 0.012463541666666668 0.014958333333333308
1 0.20473177083333333 0.7232361111111111 0.011421875000000026 0.01977777777777787
1 0.49132552083333336 0.4274675925925926 0.010010416666666688 0.019893518518518505
1 0.5512369791666667 0.4745277777777777 0.010302083333333378 0.016875000000000046
1 0.6386875 0.5106759259259258 0.008807291666666606 0.016925925925925886
1 0.671453125 0.5557824074074075 0.03386718750000006 0.09833333333333331
1 0.6278776041666667 0.6406157407407407 0.016385416666666597 0.02362499999999991
1 0.7867135416666666 0.6728009259259259 0.010815104166666645 0.0193888888888889
1 0.8064869791666666 0.5889768518518519 0.010744791666666753 0.018398148148148233
1 0.3404036458333334 0.2552638888888889 0.00799218749999997 0.012986111111111143