1 0.7368671875 0.811773148148148 0.019424479166666675 0.035787037037037055
1 0.5967526041666668 0.7472962962962963 0.010856770833333362 0.019101851851851807
0 0.5464973958333333 0.8016388888888889 0.011119791666666767 0.01816203703703698
1 0.5198802083333333 0.8694027777777777 0.0075624999999999165 0.014805555555555591
1 0.4994557291666667 0.8525601851851852 0.011992187499999973 0.022180555555555672
1 0.45004947916666665 0.7818287037037037 0.014127604166666696 0.026458333333333348
1 0.4033776041666667 0.8536898148148148 0.009747395833333283 0.016787037037036927
1 0.36010156249999997 0.8051527777777778 0.007406249999999948 0.016458333333333366
1 0.34124218749999996 0.7434259259259259 0.007213541666666656 0.009615740740740798
1 0.2398984375 0.8510601851851852 0.009239583333333357 0.015152777777777694
1 0.01905208333333333 0.8506250000000001 0.012731770833333336 0.019152777777777845
1 0.2049375 0.2773564814814814 0.009083333333333332 0.019083333333333268
1 0.49193749999999997 0.5716805555555555 0.010757812499999964 0.021333333333333353
1 0.5519791666666667 0.5247777777777778 0.010273437499999982 0.018064814814814884
1 0.63946875 0.4890138888888889 0.009080729166666579 0.017314814814814856
1 0.6743776041666667 0.4458240740740741 0.029875000000000096 0.09767592592592599
1 0.7873932291666667 0.32690740740740737 0.010786458333333249 0.014874999999999972
1 0.8069244791666667 0.41120833333333334 0.009596354166666599 0.01420833333333328
1 0.6284427083333333 0.3592546296296297 0.019135416666666627 0.025842592592592497