1 0.7368671875 0.18822685185185184 0.019424479166666675 0.035787037037037055
1 0.5967526041666668 0.2527037037037037 0.010856770833333362 0.019101851851851807
0 0.5464973958333333 0.1983611111111111 0.011119791666666767 0.01816203703703703
1 0.5198802083333333 0.1305972222222222 0.0075624999999999165 0.01480555555555554
1 0.4994557291666667 0.14743981481481483 0.011992187499999973 0.022180555555555575
1 0.45004947916666665 0.21817129629629628 0.014127604166666696 0.026458333333333323
1 0.4033776041666667 0.14631018518518518 0.009747395833333283 0.016787037037037027
1 0.36010156249999997 0.19484722222222223 0.007406249999999948 0.016458333333333314
1 0.34124218749999996 0.2565740740740741 0.007213541666666656 0.009615740740740699
1 0.2398984375 0.1489398148148148 0.009239583333333357 0.015152777777777793
1 0.01905208333333333 0.14937499999999998 0.012731770833333335 0.019152777777777796
1 0.2049375 0.7226435185185186 0.009083333333333332 0.019083333333333268
1 0.49193749999999997 0.4283194444444444 0.010757812499999964 0.021333333333333353
1 0.5519791666666667 0.4752222222222222 0.010273437499999982 0.018064814814814884
1 0.63946875 0.510986111111111 0.009080729166666579 0.017314814814814856
1 0.6743776041666667 0.5541759259259259 0.029875000000000096 0.09767592592592599
1 0.7873932291666667 0.6730925925925927 0.010786458333333249 0.014874999999999972
1 0.8069244791666667 0.5887916666666667 0.009596354166666599 0.01420833333333328
1 0.6284427083333333 0.6407453703703703 0.019135416666666627 0.025842592592592497