1 0.7369114583333333 0.18808333333333332 0.020140625000000023 0.03356018518518519
1 0.5990520833333334 0.2538287037037037 0.009229166666666622 0.02024074074074071
0 0.5475729166666666 0.1980601851851852 0.014877604166666725 0.021509259259259245
1 0.5205677083333333 0.1305648148148148 0.009369791666666627 0.01939814814814817
1 0.49996354166666657 0.14847685185185186 0.013619791666666659 0.027564814814814802
1 0.44986458333333335 0.2189537037037037 0.013791666666666647 0.03183796296296294
1 0.4038307291666667 0.14825462962962963 0.009888020833333289 0.018435185185185166
1 0.3610208333333333 0.19668518518518516 0.009385416666666702 0.020388888888888887
1 0.342171875 0.2571435185185185 0.007075520833333293 0.012763888888888845
1 0.23977864583333333 0.1491435185185185 0.009434895833333345 0.01587500000000001
1 0.49201562499999996 0.42747222222222225 0.010533854166666634 0.0220462962962963
1 0.552578125 0.4747314814814815 0.008414062499999986 0.017314814814814856
1 0.6402760416666666 0.512699074074074 0.009606770833333389 0.01786111111111113
1 0.6730937499999999 0.5540231481481482 0.03314322916666668 0.10213425925925929
1 0.6281796875 0.6379351851851852 0.016843750000000046 0.025902777777777705
1 0.7876302083333333 0.6721944444444445 0.009312500000000057 0.01632407407407399
1 0.8084453125 0.5890648148148148 0.010065104166666616 0.019277777777777852
1 0.02034375 0.15095833333333333 0.018570312500000005 0.02754629629629631
1 0.20464583333333333 0.722912037037037 0.010541666666666671 0.016976851851851923