1 0.7367343749999999 0.18674537037037037 0.018132812499999984 0.033620370370370356
1 0.5988333333333333 0.2522731481481481 0.013906250000000009 0.019944444444444445
1 0.5431979166666667 0.20030555555555557 0.009598958333333352 0.020592592592592593
1 0.5200338541666667 0.12984722222222222 0.009031250000000046 0.015958333333333345
1 0.4996953125 0.14780555555555555 0.014705729166666626 0.022296296296296307
1 0.5522604166666666 0.47383333333333333 0.00930468750000002 0.01934722222222223
1 0.6402057291666666 0.5113657407407407 0.011075520833333297 0.019402777777777856
1 0.6741302083333333 0.5553564814814815 0.03317187500000007 0.09787962962962954
1 0.7888854166666667 0.675 0.013687500000000075 0.01706018518518526
1 0.80884375 0.5896342592592592 0.0114140625000001 0.016416666666666697
1 0.6298697916666666 0.6364953703703704 0.015364583333333348 0.03302314814814819
1 0.4922786458333333 0.4267824074074074 0.010513020833333386 0.02043981481481478
1 0.4497395833333333 0.21819907407407407 0.016213541666666664 0.027648148148148137
0 0.40370572916666664 0.1473564814814815 0.01059635416666671 0.016597222222222225
1 0.36028645833333334 0.19317592592592592 0.008291666666666697 0.016027777777777776
1 0.34057812499999995 0.2553888888888889 0.008739583333333356 0.014935185185185182
1 0.23975520833333333 0.14987037037037038 0.00929427083333334 0.019064814814814826
1 0.018755208333333332 0.1493472222222222 0.014453124999999997 0.022287037037037036
1 0.17062239583333336 0.4414861111111111 0.008393229166666683 0.01740277777777778
1 0.20544791666666665 0.7237083333333333 0.015609374999999981 0.028550925925925934