1 0.7367343749999999 0.8132546296296296 0.018132812499999984 0.03362037037037031
1 0.5988333333333333 0.7477268518518518 0.013906250000000009 0.019944444444444345
1 0.5431979166666667 0.7996944444444445 0.009598958333333352 0.020592592592592496
1 0.5200338541666667 0.8701527777777778 0.009031250000000046 0.015958333333333345
1 0.4996953125 0.8521944444444445 0.01470572916666657 0.022296296296296307
1 0.5522604166666666 0.5261666666666667 0.00930468750000002 0.01934722222222223
1 0.6402057291666666 0.48863425925925935 0.011075520833333297 0.019402777777777856
1 0.6741302083333333 0.4446435185185185 0.03317187500000007 0.09787962962962954
1 0.7888854166666667 0.32499999999999996 0.013687500000000075 0.01706018518518526
1 0.80884375 0.4103657407407408 0.0114140625000001 0.016416666666666697
1 0.6298697916666666 0.36350462962962965 0.015364583333333348 0.03302314814814819
1 0.4922786458333333 0.5732175925925925 0.010513020833333386 0.02043981481481478
1 0.4497395833333333 0.781800925925926 0.016213541666666664 0.027648148148148186
0 0.40370572916666664 0.8526435185185185 0.01059635416666671 0.016597222222222128
1 0.36028645833333334 0.8068240740740741 0.008291666666666697 0.016027777777777728
1 0.34057812499999995 0.7446111111111111 0.008739583333333356 0.014935185185185182
1 0.23975520833333333 0.8501296296296297 0.00929427083333334 0.019064814814814923
1 0.018755208333333332 0.8506527777777778 0.014453124999999997 0.022287037037037136
1 0.17062239583333336 0.5585138888888889 0.008393229166666683 0.01740277777777778
1 0.20544791666666665 0.27629166666666666 0.015609374999999981 0.028550925925925934