1 0.73575 0.18561574074074072 0.027476562499999968 0.04319907407407407
1 0.5980989583333333 0.25137037037037036 0.009578124999999993 0.021773148148148163
1 0.5432109374999999 0.2012037037037037 0.014976562500000012 0.02183796296296296
1 0.44973697916666666 0.2191111111111111 0.013630208333333282 0.025504629629629613
1 0.5213072916666667 0.12892592592592594 0.00765624999999992 0.014907407407407418
1 0.4994921875 0.14849537037037036 0.013203125000000038 0.01963888888888891
0 0.40384895833333334 0.14847685185185186 0.0087890625 0.011712962962962968
1 0.36078906250000004 0.19441666666666665 0.009924479166666722 0.020106481481481482
1 0.34092187500000004 0.25524074074074077 0.006992187499999969 0.014842592592592574
1 0.2401328125 0.14850925925925926 0.010375000000000023 0.014597222222222199
1 0.2046171875 0.7224583333333333 0.011052083333333351 0.017476851851851945
1 0.018294270833333334 0.14881018518518518 0.011835937500000003 0.02365277777777777
1 0.49255208333333333 0.42766666666666664 0.011697916666666641 0.02013888888888893
1 0.5526848958333334 0.4745601851851851 0.00885677083333336 0.01973148148148142
1 0.6393645833333332 0.5103472222222222 0.008984375000000044 0.020236111111111024
1 0.6286119791666667 0.6372592592592592 0.01603124999999994 0.025874999999999995
1 0.7875963541666666 0.6731666666666666 0.010697916666666751 0.015907407407407505
1 0.8087864583333333 0.5887824074074074 0.009927083333333364 0.012967592592592602
1 0.6750885416666667 0.5561898148148148 0.030937500000000062 0.09838425925925914