1 0.7372656249999999 0.8123518518518519 0.021398437500000034 0.03566203703703705
1 0.5988229166666666 0.7472824074074074 0.01064062499999996 0.02062499999999999
1 0.543109375 0.7998703703703703 0.013164062500000018 0.021694444444444412
1 0.5201640625 0.8676666666666667 0.009960937500000044 0.018726851851851793
1 0.4980989583333333 0.8519074074074074 0.014080729166666694 0.023856481481481576
1 0.4500572916666667 0.7806064814814815 0.01487239583333333 0.027888888888888828
0 0.402875 0.8543981481481482 0.010703125000000036 0.014912037037037053
1 0.36085677083333334 0.804324074074074 0.010177083333333337 0.01740277777777778
1 0.34164583333333337 0.7435092592592594 0.007760416666666714 0.012342592592592579
1 0.23885677083333334 0.8514490740740741 0.009666666666666657 0.020814814814814793
1 0.4920546875 0.5723657407407408 0.009789062500000001 0.02073611111111124
1 0.55175 0.5248564814814816 0.010031249999999936 0.018097222222222185
1 0.6393645833333332 0.48942592592592593 0.00969791666666664 0.018356481481481564
1 0.6739713541666668 0.44479629629629636 0.03288802083333331 0.1043148148148148
1 0.6279244791666667 0.3620185185185185 0.01799218749999998 0.024402777777777846
1 0.78953125 0.3264444444444444 0.013096354166666657 0.0150555555555556
1 0.8084114583333334 0.41157870370370375 0.010398437499999913 0.01304166666666657
1 0.0191328125 0.8517638888888889 0.012328125000000002 0.0190416666666666
1 0.20614583333333333 0.27650462962962963 0.014411458333333349 0.02253703703703695