1 0.737125 0.18742129629629628 0.019044270833333377 0.033703703703703694
1 0.5984583333333333 0.2539583333333333 0.009473958333333421 0.015518518518518536
1 0.5433489583333333 0.19975925925925928 0.0100703124999999 0.01963888888888891
1 0.5204036458333333 0.13016666666666665 0.009156249999999977 0.01563425925925927
1 0.4996770833333333 0.1480138888888889 0.012216145833333303 0.022069444444444426
1 0.45047916666666665 0.21738888888888888 0.012578124999999996 0.024814814814814797
0 0.4043255208333333 0.15009722222222222 0.00929427083333334 0.014699074074074078
1 0.360875 0.19552314814814814 0.007940104166666684 0.013643518518518515
1 0.3414895833333333 0.2552037037037037 0.006260416666666657 0.010597222222222195
1 0.24036979166666667 0.14775 0.008960937499999988 0.011240740740740761
1 0.49204166666666665 0.42721759259259257 0.008302083333333377 0.017490740740740703
1 0.552453125 0.47367592592592594 0.010895833333333327 0.01890740740740742
1 0.6404244791666667 0.5122361111111111 0.0087890625 0.01689351851851859
1 0.673015625 0.5541805555555555 0.032242187500000075 0.09418981481481481
1 0.6280390625 0.6377638888888888 0.018098958333333304 0.026851851851851904
1 0.7886510416666667 0.6726712962962963 0.009885416666666647 0.015472222222222283
1 0.8083515625000001 0.5887685185185185 0.009645833333333353 0.012935185185185105
1 0.02012239583333333 0.14947222222222223 0.009135416666666667 0.020814814814814793
1 0.20559895833333333 0.7249861111111111 0.012335937500000005 0.01812037037037031