1 0.737125 0.8125787037037038 0.019044270833333377 0.033703703703703645
1 0.5984583333333333 0.7460416666666667 0.009473958333333421 0.015518518518518536
1 0.5433489583333333 0.8002407407407408 0.0100703124999999 0.01963888888888891
1 0.5204036458333333 0.8698333333333333 0.009156249999999977 0.01563425925925917
1 0.4996770833333333 0.8519861111111111 0.012216145833333303 0.022069444444444426
1 0.45047916666666665 0.7826111111111111 0.012578124999999996 0.024814814814814748
0 0.4043255208333333 0.8499027777777778 0.00929427083333334 0.014699074074074127
1 0.360875 0.8044768518518519 0.007940104166666684 0.013643518518518465
1 0.3414895833333333 0.7447962962962963 0.006260416666666657 0.010597222222222294
1 0.24036979166666667 0.8522500000000001 0.008960937499999988 0.011240740740740662
1 0.49204166666666665 0.5727824074074075 0.008302083333333377 0.017490740740740703
1 0.552453125 0.5263240740740741 0.010895833333333327 0.01890740740740742
1 0.6404244791666667 0.4877638888888889 0.0087890625 0.01689351851851859
1 0.673015625 0.4458194444444445 0.032242187500000075 0.09418981481481481
1 0.6280390625 0.36223611111111115 0.018098958333333304 0.026851851851851904
1 0.7886510416666667 0.3273287037037037 0.009885416666666647 0.015472222222222283
1 0.8083515625000001 0.4112314814814815 0.009645833333333353 0.012935185185185105
1 0.02012239583333333 0.8505277777777778 0.009135416666666667 0.020814814814814793
1 0.20559895833333333 0.2750138888888889 0.012335937500000005 0.01812037037037031