1 0.7373203125 0.812087962962963 0.017148437499999947 0.0348240740740741
1 0.5986822916666666 0.7469861111111111 0.009976562499999897 0.01653703703703692
1 0.5430598958333333 0.7996157407407407 0.01156249999999992 0.022425925925925898
1 0.5200833333333333 0.8705324074074074 0.009570312499999956 0.01605555555555544
1 0.49895833333333334 0.8523194444444444 0.01273958333333336 0.022083333333333382
1 0.4497265625 0.7835092592592593 0.01294270833333333 0.023384259259259268
0 0.40450260416666667 0.8506574074074074 0.009408854166666702 0.013472222222222207
1 0.36057812499999997 0.8043148148148148 0.010054687500000048 0.015009259259259148
1 0.34145572916666667 0.7439629629629629 0.006617187499999955 0.010388888888888954
1 0.2396875 0.8515324074074074 0.008679687499999977 0.013685185185185134
1 0.0184609375 0.8509351851851852 0.012247395833333334 0.017458333333333402
1 0.17071614583333333 0.557638888888889 0.008846354166666681 0.015810185185185215
1 0.20513802083333332 0.27743055555555557 0.01117447916666664 0.016361111111111073
1 0.4926770833333334 0.5718101851851851 0.01205468750000005 0.01807407407407406
1 0.5523463541666667 0.5240370370370371 0.009468749999999915 0.018361111111111147
1 0.640109375 0.4895370370370371 0.011177083333333337 0.02436111111111118
1 0.6288203125 0.36059722222222224 0.015598958333333357 0.023486111111111145
1 0.6730546875000001 0.44451388888888893 0.03403385416666671 0.09715740740740743
1 0.7879609375 0.32792592592592595 0.008184895833333261 0.01981944444444454
1 0.8086484375 0.41247222222222224 0.009479166666666705 0.017240740740740692