1 0.7373203125 0.18791203703703702 0.017148437499999947 0.03482407407407405
1 0.5986822916666666 0.25301388888888887 0.009976562499999897 0.016537037037037017
1 0.5430598958333333 0.20038425925925923 0.01156249999999992 0.022425925925925946
1 0.5200833333333333 0.12946759259259258 0.009570312499999956 0.016055555555555538
1 0.49895833333333334 0.14768055555555556 0.01273958333333336 0.02208333333333333
1 0.4497265625 0.21649074074074073 0.01294270833333333 0.023384259259259268
0 0.40450260416666667 0.14934259259259258 0.009408854166666702 0.013472222222222207
1 0.36057812499999997 0.19568518518518518 0.010054687500000048 0.015009259259259247
1 0.34145572916666667 0.256037037037037 0.006617187499999955 0.010388888888888856
1 0.2396875 0.14846759259259257 0.008679687499999977 0.013685185185185182
1 0.0184609375 0.14906481481481482 0.012247395833333334 0.017458333333333353
1 0.17071614583333333 0.44236111111111104 0.008846354166666681 0.015810185185185163
1 0.20513802083333332 0.7225694444444444 0.01117447916666664 0.016361111111111073
1 0.4926770833333334 0.4281898148148148 0.01205468750000005 0.01807407407407406
1 0.5523463541666667 0.4759629629629629 0.009468749999999915 0.018361111111111147
1 0.640109375 0.5104629629629629 0.011177083333333337 0.02436111111111118
1 0.6288203125 0.6394027777777778 0.015598958333333357 0.023486111111111145
1 0.6730546875000001 0.5554861111111111 0.03403385416666671 0.09715740740740743
1 0.7879609375 0.672074074074074 0.008184895833333261 0.01981944444444454
1 0.8086484375 0.5875277777777778 0.009479166666666705 0.017240740740740692