1 0.7370026041666667 0.18736111111111112 0.018799479166666577 0.040249999999999994
1 0.5989401041666667 0.2528935185185185 0.014190104166666773 0.02487962962962964
1 0.543578125 0.20174999999999998 0.009632812500000032 0.022921296296296283
1 0.5204817708333334 0.13035648148148146 0.010723958333333394 0.017893518518518527
1 0.49965625 0.14900462962962963 0.012703125000000037 0.02156481481481482
1 0.45011979166666666 0.21803240740740737 0.01277343750000004 0.025120370370370355
0 0.4040078125 0.1482962962962963 0.008109374999999974 0.013101851851851877
1 0.3604192708333333 0.195587962962963 0.008489583333333384 0.020361111111111125
1 0.34097656249999997 0.2560138888888889 0.008044270833333367 0.011587962962962963
1 0.23991666666666667 0.14862962962962964 0.010322916666666682 0.014305555555555571
1 0.019494791666666667 0.14974537037037036 0.013054687500000002 0.023587962962962974
1 0.20529427083333335 0.7232222222222222 0.011856770833333308 0.022921296296296332
1 0.788703125 0.6726944444444444 0.007494791666666556 0.015689814814814795
1 0.8089166666666666 0.5890092592592593 0.009786458333333359 0.013736111111111171
1 0.6741510416666666 0.555425925925926 0.031906250000000025 0.09951388888888878
1 0.6284505208333333 0.6365648148148149 0.01616406249999991 0.026416666666666682
1 0.6398932291666667 0.5116018518518518 0.008539062499999917 0.017833333333333416
1 0.5519973958333333 0.4738935185185185 0.010302083333333378 0.016717592592592548
1 0.49251822916666665 0.42856018518518524 0.010018229166666615 0.020962962962962923