1 0.7370026041666667 0.8126388888888889 0.018799479166666577 0.040249999999999946
1 0.5989401041666667 0.7471064814814815 0.014190104166666773 0.024879629629629738
1 0.543578125 0.79825 0.009632812500000032 0.022921296296296332
1 0.5204817708333334 0.8696435185185185 0.010723958333333394 0.01789351851851843
1 0.49965625 0.8509953703703704 0.012703125000000037 0.02156481481481482
1 0.45011979166666666 0.7819675925925926 0.01277343750000004 0.02512037037037038
0 0.4040078125 0.8517037037037036 0.008109374999999974 0.013101851851851778
1 0.3604192708333333 0.804412037037037 0.008489583333333384 0.020361111111111226
1 0.34097656249999997 0.7439861111111111 0.008044270833333367 0.011587962962962963
1 0.23991666666666667 0.8513703703703703 0.010322916666666682 0.014305555555555571
1 0.019494791666666667 0.8502546296296296 0.013054687500000002 0.023587962962963022
1 0.20529427083333335 0.27677777777777773 0.011856770833333308 0.022921296296296332
1 0.788703125 0.32730555555555557 0.007494791666666556 0.015689814814814795
1 0.8089166666666666 0.4109907407407407 0.009786458333333359 0.013736111111111171
1 0.6741510416666666 0.444574074074074 0.031906250000000025 0.09951388888888878
1 0.6284505208333333 0.36343518518518514 0.01616406249999991 0.026416666666666682
1 0.6398932291666667 0.4883981481481482 0.008539062499999917 0.017833333333333416
1 0.5519973958333333 0.5261064814814814 0.010302083333333378 0.016717592592592548
1 0.49251822916666665 0.5714398148148148 0.010018229166666615 0.020962962962962923