1 0.7365182291666666 0.1888425925925926 0.02200000000000002 0.036134259259259255
1 0.5989088541666666 0.252625 0.01235677083333342 0.023699074074074074
1 0.5433125000000001 0.19938425925925926 0.013494791666666561 0.02084722222222224
1 0.519546875 0.12969444444444445 0.009971354166666613 0.014597222222222199
1 0.4999010416666667 0.1479583333333333 0.012367187500000043 0.022296296296296307
1 0.45039583333333333 0.21724537037037037 0.01603906249999998 0.026375000000000013
0 0.40422916666666664 0.14814814814814814 0.010557291666666635 0.015129629629629616
1 0.36027864583333336 0.19534722222222223 0.011054687500000049 0.01688425925925927
1 0.3408671875 0.2548009259259259 0.006973958333333363 0.011583333333333378
1 0.23927864583333333 0.14828240740740742 0.009161458333333317 0.014027777777777799
1 0.018705729166666667 0.15007407407407408 0.013088541666666668 0.021041666666666674
1 0.2056484375 0.7231851851851852 0.01215104166666664 0.019166666666666603
1 0.49238541666666663 0.4280046296296296 0.010848958333333325 0.023097222222222175
1 0.5520546875 0.4752592592592592 0.00820572916666662 0.020847222222222288
1 0.6396380208333333 0.5108472222222222 0.00850781249999999 0.021342592592592524
1 0.6725416666666666 0.553699074074074 0.0349401041666666 0.09880555555555562
1 0.6292473958333333 0.6371342592592593 0.01513020833333334 0.027550925925925895
1 0.7880442708333334 0.6729351851851851 0.008861979166666645 0.018175925925925936
1 0.8081953125 0.5883194444444445 0.010174479166666694 0.014328703703703698