1 0.7365182291666666 0.8111574074074075 0.02200000000000002 0.03613425925925916
1 0.5989088541666666 0.747375 0.01235677083333342 0.023699074074074074
1 0.5433125000000001 0.8006157407407408 0.013494791666666561 0.020847222222222288
1 0.519546875 0.8703055555555556 0.009971354166666613 0.01459722222222225
1 0.4999010416666667 0.8520416666666667 0.012367187499999988 0.022296296296296307
1 0.45039583333333333 0.7827546296296296 0.01603906249999998 0.026375000000000013
0 0.40422916666666664 0.8518518518518519 0.010557291666666635 0.015129629629629568
1 0.36027864583333336 0.8046527777777778 0.011054687500000049 0.01688425925925922
1 0.3408671875 0.745199074074074 0.006973958333333363 0.011583333333333378
1 0.23927864583333333 0.8517175925925926 0.009161458333333317 0.014027777777777849
1 0.018705729166666667 0.8499259259259259 0.013088541666666668 0.021041666666666674
1 0.2056484375 0.27681481481481485 0.01215104166666664 0.019166666666666603
1 0.49238541666666663 0.5719953703703704 0.010848958333333325 0.023097222222222175
1 0.5520546875 0.5247407407407407 0.00820572916666662 0.020847222222222288
1 0.6396380208333333 0.48915277777777777 0.00850781249999999 0.021342592592592524
1 0.6725416666666666 0.44630092592592596 0.0349401041666666 0.09880555555555562
1 0.6292473958333333 0.36286574074074074 0.01513020833333334 0.027550925925925895
1 0.7880442708333334 0.32706481481481486 0.008861979166666645 0.018175925925925936
1 0.8081953125 0.41168055555555555 0.010174479166666694 0.014328703703703698