1 0.7384739583333333 0.18794907407407407 0.01848697916666664 0.032601851851851826
1 0.5979401041666667 0.25246296296296294 0.01160677083333339 0.019481481481481506
1 0.5434947916666667 0.2013009259259259 0.013901041666666725 0.02148611111111112
1 0.5205572916666666 0.13026388888888887 0.010578125000000105 0.018504629629629645
1 0.4992395833333333 0.14651388888888892 0.013929687499999954 0.025995370370370363
0 0.404171875 0.14851388888888892 0.009791666666666643 0.01230092592592591
1 0.4501744791666667 0.21658796296296295 0.01497395833333337 0.027041666666666655
1 0.360625 0.19503240740740738 0.009515625000000028 0.016259259259259244
1 0.23909114583333332 0.14922685185185186 0.009757812500000018 0.01737962962962965
1 0.3411432291666667 0.2554953703703704 0.0065859375000000275 0.010296296296296248
1 0.02005208333333333 0.14908796296296295 0.014361979166666664 0.019550925925925937
1 0.20528906249999998 0.7229675925925926 0.014218750000000002 0.020361111111111028
1 0.4927109375 0.4284259259259259 0.010536458333333387 0.018375000000000006
1 0.551640625 0.47531481481481486 0.010450520833333421 0.022879629629629663
1 0.6400703125 0.5101944444444445 0.011778645833333323 0.02137500000000002
1 0.6281536458333333 0.638375 0.015127604166666586 0.026291666666666675
1 0.6736197916666666 0.5526018518518518 0.03326302083333332 0.10046296296296298
1 0.7886901041666667 0.6746203703703704 0.01093229166666676 0.015231481481481445
1 0.807390625 0.5875972222222222 0.011934895833333403 0.017287037037036948