1 0.7368359375 0.18714814814814815 0.019348958333333277 0.03410648148148147
1 0.5983697916666666 0.2548009259259259 0.0106197916666666 0.022212962962962973
1 0.5427395833333333 0.19791203703703703 0.011114583333333261 0.020412037037037017
1 0.5200052083333333 0.1303611111111111 0.010856770833333362 0.018055555555555564
1 0.4497552083333333 0.21634722222222225 0.01360416666666664 0.02567592592592592
0 0.4036927083333333 0.14842129629629627 0.010882812500000005 0.018055555555555564
1 0.49893489583333334 0.14596296296296296 0.012911458333333292 0.02397222222222221
1 0.49357291666666664 0.42778240740740736 0.012346354166666629 0.023208333333333324
1 0.36044010416666666 0.19329629629629627 0.008190104166666656 0.016597222222222225
1 0.34112239583333337 0.2558564814814815 0.008161458333333371 0.011675925925925887
1 0.23965625 0.14922222222222223 0.008419270833333325 0.014240740740740727
1 0.018104166666666664 0.1487685185185185 0.010299479166666667 0.018754629629629607
1 0.2053984375 0.7229861111111111 0.010005208333333349 0.01759259259259258
1 0.5520963541666667 0.47537499999999994 0.010526041666666597 0.020861111111111046
1 0.639140625 0.5109953703703703 0.01088802083333329 0.019856481481481423
1 0.6738984375 0.5546435185185186 0.03164062500000009 0.09721759259259263
1 0.6292473958333333 0.6369212962962963 0.016502604166666712 0.026976851851851908
1 0.7879088541666667 0.6720648148148148 0.01024739583333334 0.01689351851851859
1 0.8082864583333333 0.5881064814814815 0.012398437499999915 0.01423611111111119