1 0.7360833333333333 0.8112407407407408 0.0191041666666667 0.03458333333333346
1 0.5978125 0.7462592592592592 0.008820312499999927 0.01758333333333321
1 0.5426302083333333 0.8011157407407408 0.011372395833333382 0.019134259259259306
1 0.520015625 0.8701296296296296 0.008648437499999995 0.01555555555555562
1 0.49978645833333335 0.8529768518518518 0.01258333333333339 0.020393518518518523
1 0.4508984375 0.7817129629629629 0.015148437499999945 0.02502777777777787
0 0.40399739583333333 0.8506851851851852 0.006356770833333303 0.014111111111111185
1 0.3604609375 0.8047638888888888 0.010036458333333331 0.016481481481481493
1 0.3417682291666667 0.7438240740740741 0.006554687499999989 0.009472222222222252
1 0.23970833333333333 0.8501805555555556 0.008187500000000014 0.01650462962962962
1 0.019111979166666668 0.8513796296296297 0.0134453125 0.016888888888889002
1 0.20523958333333334 0.27708796296296295 0.01096614583333333 0.019902777777777873
1 0.49265624999999996 0.5726388888888889 0.010257812500000019 0.01943981481481474
1 0.5521484375 0.5246018518518519 0.012416666666666742 0.018148148148148222
1 0.6393880208333333 0.4892777777777777 0.008781249999999963 0.017865740740740717
1 0.62865625 0.3605277777777778 0.013656249999999925 0.021319444444444398
1 0.6739869791666667 0.44465740740740745 0.0331276041666666 0.09737962962962952
1 0.7876979166666667 0.32779166666666665 0.012028645833333407 0.019101851851851807
1 0.808671875 0.4108611111111111 0.010945312500000082 0.014754629629629553