1 0.7360833333333333 0.18875925925925927 0.0191041666666667 0.03458333333333336
1 0.5978125 0.25374074074074077 0.008820312499999927 0.01758333333333331
1 0.5426302083333333 0.19888425925925923 0.011372395833333382 0.019134259259259254
1 0.520015625 0.12987037037037036 0.008648437499999995 0.015555555555555569
1 0.49978645833333335 0.14702314814814815 0.01258333333333339 0.020393518518518523
1 0.4508984375 0.21828703703703706 0.015148437499999945 0.025027777777777774
0 0.40399739583333333 0.1493148148148148 0.006356770833333303 0.014111111111111137
1 0.3604609375 0.19523611111111108 0.010036458333333331 0.016481481481481493
1 0.3417682291666667 0.2561759259259259 0.006554687499999989 0.009472222222222252
1 0.23970833333333333 0.14981944444444445 0.008187500000000014 0.01650462962962962
1 0.019111979166666668 0.14862037037037037 0.0134453125 0.016888888888888905
1 0.20523958333333334 0.722912037037037 0.01096614583333333 0.019902777777777873
1 0.49265624999999996 0.4273611111111111 0.010257812500000019 0.01943981481481484
1 0.5521484375 0.47539814814814807 0.012416666666666742 0.018148148148148222
1 0.6393880208333333 0.5107222222222223 0.008781249999999963 0.017865740740740717
1 0.62865625 0.6394722222222222 0.013656249999999925 0.021319444444444398
1 0.6739869791666667 0.5553425925925926 0.0331276041666666 0.09737962962962952
1 0.7876979166666667 0.6722083333333333 0.012028645833333407 0.019101851851851807
1 0.808671875 0.5891388888888889 0.010945312500000082 0.014754629629629553