1 0.7372083333333334 0.18816203703703704 0.019057291666666698 0.03141203703703704
1 0.59903125 0.2529212962962963 0.009947916666666723 0.017736111111111126
1 0.5430364583333334 0.19886574074074073 0.010791666666666755 0.01916666666666665
1 0.5196692708333334 0.129875 0.010083333333333444 0.017115740740740737
0 0.4045625 0.14886574074074074 0.008880208333333361 0.012861111111111089
1 0.4495520833333333 0.21712037037037038 0.010890625000000043 0.02004629629629627
1 0.49972916666666667 0.1476574074074074 0.013255208333333324 0.019680555555555576
1 0.36044010416666666 0.19397222222222224 0.010833333333333361 0.017953703703703687
1 0.3408697916666667 0.2552824074074074 0.005835937499999999 0.011902777777777769
1 0.23965625 0.14932407407407408 0.009033854166666688 0.018398148148148132
1 0.0190234375 0.149875 0.010945312499999998 0.017518518518518513
1 0.20481510416666668 0.7219675925925926 0.010617187500000014 0.01817129629629635
1 0.492296875 0.42840277777777774 0.009156249999999977 0.01963888888888891
1 0.5531354166666667 0.47411574074074075 0.008346354166666625 0.02132407407407398
1 0.6397369791666667 0.5107407407407407 0.00932812499999991 0.018027777777777802
1 0.6733437499999999 0.553537037037037 0.0316302083333333 0.10031944444444443
1 0.6287526041666667 0.6373564814814815 0.015200520833333231 0.027777777777777776
1 0.7884166666666667 0.6728611111111111 0.009382812499999948 0.017620370370370293
1 0.8079791666666666 0.5888796296296296 0.010276041666666735 0.013300925925925947