1 0.7377968749999999 0.1883425925925926 0.02072135416666665 0.03314814814814815
1 0.5426666666666667 0.2006574074074074 0.012856770833333364 0.022620370370370384
1 0.5986822916666666 0.2516666666666667 0.009513020833333385 0.01719444444444444
1 0.45084114583333335 0.21875462962962958 0.01820572916666663 0.02658333333333333
1 0.5199088541666667 0.12971296296296297 0.010744791666666753 0.02235185185185183
1 0.5000338541666667 0.14712962962962964 0.01385156249999997 0.020074074074074084
1 0.4932109375 0.42812962962962964 0.012843750000000043 0.0223935185185185
1 0.5515494791666666 0.47487500000000005 0.009744791666666641 0.02114351851851855
1 0.6393307291666667 0.510337962962963 0.010041666666666726 0.020763888888888953
1 0.6738593749999999 0.5533425925925926 0.03624218750000008 0.10482407407407399
1 0.6283411458333333 0.6369629629629628 0.01553385416666675 0.02983333333333328
1 0.7891276041666666 0.6732361111111111 0.015145833333333414 0.021310185185185224
1 0.8090625 0.5883425925925926 0.014356770833333421 0.018546296296296363
1 0.40338541666666666 0.14606944444444445 0.012299479166666627 0.019907407407407412
0 0.23954427083333332 0.15087037037037035 0.012075520833333353 0.016814814814814838
1 0.3600052083333333 0.19335648148148146 0.012351562500000024 0.01974074074074074
1 0.3413984375 0.25546296296296295 0.008651041666666637 0.01599537037037033
1 0.019046875 0.15173611111111113 0.019408854166666663 0.026361111111111106
1 0.20578645833333334 0.7238379629629629 0.012687500000000018 0.027768518518518606