1 0.7377968749999999 0.8116574074074074 0.02072135416666665 0.0331481481481482
1 0.5426666666666667 0.7993425925925925 0.012856770833333364 0.02262037037037048
1 0.5986822916666666 0.7483333333333333 0.009513020833333385 0.01719444444444444
1 0.45084114583333335 0.7812453703703705 0.01820572916666663 0.026583333333333355
1 0.5199088541666667 0.870287037037037 0.010744791666666753 0.02235185185185193
1 0.5000338541666667 0.8528703703703704 0.01385156249999997 0.020074074074074133
1 0.4932109375 0.5718703703703704 0.012843750000000043 0.0223935185185186
1 0.5515494791666666 0.525125 0.009744791666666641 0.02114351851851855
1 0.6393307291666667 0.4896620370370371 0.010041666666666726 0.020763888888888953
1 0.6738593749999999 0.44665740740740745 0.03624218750000008 0.10482407407407399
1 0.6283411458333333 0.3630370370370371 0.01553385416666675 0.02983333333333328
1 0.7891276041666666 0.3267638888888889 0.015145833333333414 0.021310185185185224
1 0.8090625 0.4116574074074074 0.014356770833333421 0.018546296296296363
1 0.40338541666666666 0.8539305555555556 0.012299479166666627 0.01990740740740746
0 0.23954427083333332 0.8491296296296296 0.012075520833333353 0.016814814814814838
1 0.3600052083333333 0.8066435185185186 0.012351562500000024 0.019740740740740788
1 0.3413984375 0.7445370370370371 0.008651041666666637 0.015995370370370427
1 0.019046875 0.8482638888888889 0.019408854166666663 0.026361111111111057
1 0.20578645833333334 0.27616203703703707 0.012687500000000018 0.027768518518518606