1 0.7374583333333333 0.18941203703703702 0.019098958333333416 0.037296296296296286
1 0.5983020833333333 0.2528518518518518 0.009554687500000103 0.0182824074074074
1 0.5432682291666667 0.20046759259259259 0.010841145833333288 0.017648148148148152
1 0.5204166666666666 0.13094444444444442 0.009072916666666764 0.016898148148148124
1 0.49934114583333333 0.14896296296296296 0.013593750000000071 0.023648148148148133
1 0.4501328125 0.2176111111111111 0.014020833333333371 0.029157407407407417
1 0.40351822916666663 0.14695833333333333 0.008044270833333367 0.018555555555555533
1 0.36055468749999997 0.1948333333333333 0.00814843750000005 0.015601851851851874
1 0.34141666666666665 0.25578703703703703 0.007091145833333368 0.010597222222222195
0 0.24060937500000001 0.1504074074074074 0.008046875000000009 0.01460648148148147
1 0.01905208333333333 0.14947222222222223 0.014611979166666664 0.019791666666666676
1 0.205640625 0.7234768518518518 0.011325520833333325 0.019097222222222224
1 0.7895911458333333 0.6729166666666667 0.009572916666666709 0.015597222222222287
1 0.8082369791666667 0.5876666666666667 0.010255208333333377 0.013763888888888885
1 0.6397135416666666 0.5090092592592593 0.00818229166666673 0.015907407407407308
1 0.675203125 0.5564351851851852 0.02943229166666672 0.09881944444444438
1 0.5521171875 0.4746018518518519 0.00901302083333344 0.016509259259259206
1 0.629140625 0.6384305555555555 0.01601562500000009 0.026898148148148157
1 0.49236979166666667 0.4280462962962963 0.011856770833333363 0.020481481481481448