1 0.7374583333333333 0.810587962962963 0.019098958333333416 0.037296296296296286
1 0.5983020833333333 0.7471481481481482 0.009554687500000103 0.0182824074074074
1 0.5432682291666667 0.7995324074074074 0.010841145833333288 0.017648148148148204
1 0.5204166666666666 0.8690555555555556 0.009072916666666764 0.016898148148148176
1 0.49934114583333333 0.851037037037037 0.013593750000000071 0.023648148148148234
1 0.4501328125 0.7823888888888889 0.014020833333333371 0.029157407407407417
1 0.40351822916666663 0.8530416666666666 0.008044270833333367 0.018555555555555533
1 0.36055468749999997 0.8051666666666667 0.00814843750000005 0.015601851851851874
1 0.34141666666666665 0.7442129629629629 0.007091145833333368 0.010597222222222294
0 0.24060937500000001 0.8495925925925927 0.008046875000000009 0.014606481481481422
1 0.01905208333333333 0.8505277777777778 0.014611979166666664 0.019791666666666628
1 0.205640625 0.27652314814814816 0.011325520833333325 0.019097222222222224
1 0.7895911458333333 0.3270833333333333 0.009572916666666709 0.015597222222222287
1 0.8082369791666667 0.4123333333333334 0.010255208333333377 0.013763888888888885
1 0.6397135416666666 0.49099074074074067 0.00818229166666673 0.015907407407407308
1 0.675203125 0.4435648148148148 0.02943229166666672 0.09881944444444438
1 0.5521171875 0.5253981481481481 0.00901302083333344 0.016509259259259206
1 0.629140625 0.36156944444444444 0.01601562500000009 0.026898148148148157
1 0.49236979166666667 0.5719537037037037 0.011856770833333363 0.020481481481481448