1 0.737375 0.18769444444444447 0.022476562500000075 0.03567592592592591
1 0.5993567708333334 0.2535925925925926 0.013752604166666682 0.022837962962962994
1 0.5431432291666667 0.201 0.0122682291666667 0.02378240740740741
1 0.5207473958333333 0.1301712962962963 0.011851562499999968 0.018305555555555575
1 0.49949479166666666 0.14806944444444445 0.01266666666666666 0.022166666666666668
1 0.44994791666666667 0.21785185185185185 0.016059895833333337 0.025555555555555578
1 0.5520208333333334 0.47458796296296296 0.011536458333333277 0.019662037037037037
1 0.6401406249999999 0.5109583333333334 0.010265624999999945 0.02101388888888896
1 0.49196614583333337 0.42765740740740743 0.011872395833333327 0.020652777777777805
1 0.6284713541666667 0.6352916666666667 0.015986979166666693 0.031134259259259167
1 0.6741015625000001 0.553398148148148 0.032760416666666625 0.10308796296296288
1 0.7886953125 0.6736157407407407 0.01259374999999996 0.01856018518518512
1 0.8086406249999999 0.5890416666666666 0.009692708333333355 0.01658333333333337
1 0.40294791666666663 0.1456157407407407 0.011341145833333344 0.01726388888888887
1 0.36142708333333334 0.19408796296296296 0.013356770833333309 0.018407407407407404
1 0.34152604166666667 0.25604629629629627 0.007364583333333341 0.015537037037037078
0 0.23937760416666667 0.150625 0.010153645833333336 0.016009259259259237
1 0.018888020833333335 0.15080555555555555 0.013468750000000002 0.022949074074074094
1 0.20517708333333332 0.7215925925925926 0.012546875000000013 0.026236111111111054