1 0.7371979166666667 0.18712037037037038 0.020536458333333396 0.03452777777777779
1 0.5977395833333333 0.2527037037037037 0.009994791666666725 0.028578703703703745
1 0.543515625 0.1995648148148148 0.012484375000000103 0.020912037037037035
1 0.5197838541666666 0.12842592592592592 0.008869791666666682 0.012930555555555568
1 0.49953125 0.14720833333333333 0.010625000000000051 0.02232407407407407
1 0.40355989583333335 0.14558796296296297 0.009395833333333381 0.017208333333333343
1 0.4507317708333333 0.2178009259259259 0.01604166666666662 0.028268518518518502
1 0.4918828125 0.4273194444444444 0.010651041666666639 0.02091666666666667
1 0.5517942708333333 0.47529629629629633 0.010020833333333368 0.022009259259259215
1 0.6399114583333334 0.5116851851851851 0.008752604166666567 0.014962962962962893
1 0.6303411458333333 0.6378472222222222 0.01497395833333326 0.028731481481481563
1 0.6746979166666667 0.5559583333333333 0.03488541666666656 0.10068518518518527
1 0.7896276041666667 0.6723101851851853 0.012869791666666686 0.016888888888888804
1 0.80853125 0.5881527777777777 0.011588541666666563 0.016685185185185247
1 0.2048203125 0.7216712962962962 0.00972135416666664 0.019814814814814754
1 0.01996875 0.14929629629629632 0.012986979166666664 0.019925925925925903
0 0.24018229166666666 0.1490601851851852 0.008596354166666653 0.013824074074074093
1 0.34161197916666663 0.2557592592592593 0.0059505208333333615 0.011208333333333364
1 0.3598984375 0.19380092592592593 0.008716145833333355 0.014083333333333324