1 0.7371979166666667 0.8128796296296296 0.020536458333333396 0.03452777777777784
1 0.5977395833333333 0.7472962962962963 0.009994791666666725 0.028578703703703842
1 0.543515625 0.8004351851851852 0.012484375000000103 0.020912037037037083
1 0.5197838541666666 0.8715740740740741 0.008869791666666682 0.01293055555555552
1 0.49953125 0.8527916666666666 0.010625000000000107 0.02232407407407402
1 0.40355989583333335 0.8544120370370369 0.009395833333333381 0.017208333333333395
1 0.4507317708333333 0.7821990740740741 0.01604166666666662 0.02826851851851843
1 0.4918828125 0.5726805555555556 0.010651041666666639 0.02091666666666667
1 0.5517942708333333 0.5247037037037037 0.010020833333333368 0.022009259259259215
1 0.6399114583333334 0.48831481481481487 0.008752604166666567 0.014962962962962893
1 0.6303411458333333 0.3621527777777778 0.01497395833333326 0.028731481481481563
1 0.6746979166666667 0.4440416666666667 0.03488541666666656 0.10068518518518527
1 0.7896276041666667 0.3276898148148148 0.012869791666666686 0.016888888888888804
1 0.80853125 0.4118472222222222 0.011588541666666563 0.016685185185185247
1 0.2048203125 0.2783287037037037 0.00972135416666664 0.019814814814814754
1 0.01996875 0.8507037037037037 0.012986979166666662 0.019925925925926
0 0.24018229166666666 0.8509398148148147 0.008596354166666653 0.013824074074074093
1 0.34161197916666663 0.7442407407407408 0.0059505208333333615 0.011208333333333364
1 0.3598984375 0.8061990740740741 0.008716145833333355 0.014083333333333274