1 0.737078125 0.813837962962963 0.019940104166666694 0.03313888888888883
1 0.5439895833333334 0.7996481481481481 0.013231770833333378 0.023064814814814878
1 0.5985729166666667 0.7470324074074074 0.01671354166666661 0.022819444444444455
1 0.51996875 0.8715509259259259 0.00907031250000001 0.015499999999999995
1 0.45003906250000003 0.7795046296296296 0.01567968750000004 0.030388888888888924
1 0.40361197916666663 0.8526574074074075 0.013057291666666693 0.019222222222222227
1 0.49237760416666665 0.5721574074074075 0.011361979166666702 0.020981481481481466
1 0.552078125 0.5255231481481482 0.011481770833333238 0.02415277777777784
1 0.6400182291666667 0.4894537037037037 0.009374999999999911 0.021587962962962948
1 0.6754921875 0.44431018518518517 0.034588541666666694 0.09978703703703712
1 0.6288072916666666 0.3602592592592593 0.016000000000000014 0.0195787037037037
1 0.7887578125 0.3270555555555556 0.01205729166666658 0.017865740740740717
1 0.8073177083333333 0.4130277777777779 0.012713541666666606 0.014027777777777849
1 0.3604010416666667 0.8054768518518518 0.010687499999999961 0.020194444444444553
1 0.34144531250000004 0.7446203703703704 0.0073854166666667 0.014453703703703703
0 0.24145052083333332 0.8505231481481482 0.008872395833333324 0.011407407407407335
1 0.01913541666666667 0.8535462962962963 0.014161458333333335 0.021842592592592542
1 0.2051484375 0.27767129629629633 0.011666666666666659 0.01775000000000008