1 0.737078125 0.18616203703703704 0.019940104166666694 0.03313888888888888
1 0.5439895833333334 0.20035185185185184 0.013231770833333378 0.02306481481481483
1 0.5985729166666667 0.25296759259259255 0.01671354166666661 0.022819444444444455
1 0.51996875 0.12844907407407408 0.00907031250000001 0.015499999999999995
1 0.45003906250000003 0.22049537037037037 0.01567968750000004 0.03038888888888887
1 0.40361197916666663 0.14734259259259258 0.013057291666666693 0.019222222222222227
1 0.49237760416666665 0.4278425925925926 0.011361979166666702 0.020981481481481466
1 0.552078125 0.4744768518518518 0.011481770833333238 0.02415277777777784
1 0.6400182291666667 0.5105462962962962 0.009374999999999911 0.021587962962962948
1 0.6754921875 0.5556898148148148 0.034588541666666694 0.09978703703703712
1 0.6288072916666666 0.6397407407407407 0.016000000000000014 0.0195787037037037
1 0.7887578125 0.6729444444444445 0.01205729166666658 0.017865740740740717
1 0.8073177083333333 0.5869722222222221 0.012713541666666606 0.014027777777777849
1 0.3604010416666667 0.19452314814814814 0.010687499999999961 0.020194444444444452
1 0.34144531250000004 0.2553796296296296 0.0073854166666667 0.014453703703703703
0 0.24145052083333332 0.14947685185185186 0.008872395833333324 0.011407407407407385
1 0.01913541666666667 0.1464537037037037 0.014161458333333335 0.021842592592592594
1 0.2051484375 0.7223287037037037 0.011666666666666659 0.01775000000000008