1 0.7369791666666666 0.8138055555555556 0.02212239583333342 0.04204166666666668
1 0.54496875 0.7983750000000001 0.018312499999999954 0.02660648148148148
1 0.5997369791666666 0.7507916666666667 0.015864583333333293 0.029175925925925956
1 0.02099739583333333 0.8481388888888889 0.01854166666666667 0.03355555555555551
1 0.20421614583333333 0.27819444444444447 0.01388541666666665 0.025296296296296223
1 0.40298958333333335 0.8551481481481482 0.014296874999999987 0.021851851851851914
0 0.23941145833333333 0.8528333333333333 0.010059895833333332 0.017222222222222153
1 0.45142447916666667 0.7829398148148149 0.01872135416666665 0.03432407407407408
1 0.492046875 0.5730046296296296 0.012726562500000038 0.025953703703703743
1 0.3597604166666667 0.8075694444444445 0.012476562499999955 0.02442129629629639
1 0.341203125 0.743912037037037 0.01051822916666667 0.012842592592592596
1 0.5000052083333333 0.8554722222222222 0.015622395833333247 0.03278240740740736
1 0.520515625 0.8696157407407408 0.013674479166666753 0.027638888888888817
1 0.5521510416666667 0.5261620370370371 0.010869791666666684 0.019361111111111187
1 0.6386432291666666 0.49021296296296296 0.010924479166666723 0.022587962962962987
1 0.6282109375 0.36496759259259254 0.018583333333333396 0.027981481481481534
1 0.6750624999999999 0.44596296296296295 0.033848958333333234 0.09841203703703706
1 0.78725 0.32637962962962963 0.011609374999999922 0.023814814814814907
1 0.8081692708333333 0.4093657407407407 0.010062500000000085 0.018416666666666574