1 0.7369791666666666 0.18619444444444444 0.02212239583333342 0.04204166666666668
1 0.54496875 0.201625 0.018312499999999954 0.02660648148148148
1 0.5997369791666666 0.2492083333333333 0.015864583333333293 0.029175925925925956
1 0.02099739583333333 0.1518611111111111 0.01854166666666667 0.03355555555555556
1 0.20421614583333333 0.7218055555555556 0.01388541666666665 0.025296296296296223
1 0.40298958333333335 0.14485185185185184 0.014296874999999987 0.021851851851851862
0 0.23941145833333333 0.14716666666666667 0.010059895833333332 0.0172222222222222
1 0.45142447916666667 0.2170601851851852 0.01872135416666665 0.03432407407407408
1 0.492046875 0.4269953703703704 0.012726562500000038 0.025953703703703743
1 0.3597604166666667 0.19243055555555555 0.012476562499999955 0.024421296296296288
1 0.341203125 0.25608796296296293 0.01051822916666667 0.012842592592592596
1 0.5000052083333333 0.14452777777777778 0.015622395833333302 0.032782407407407406
1 0.520515625 0.13038425925925926 0.013674479166666753 0.027638888888888866
1 0.5521510416666667 0.47383796296296293 0.010869791666666684 0.019361111111111187
1 0.6386432291666666 0.5097870370370371 0.010924479166666723 0.022587962962962987
1 0.6282109375 0.6350324074074075 0.018583333333333396 0.027981481481481534
1 0.6750624999999999 0.5540370370370371 0.033848958333333234 0.09841203703703706
1 0.78725 0.6736203703703704 0.011609374999999922 0.023814814814814907
1 0.8081692708333333 0.5906342592592593 0.010062500000000085 0.018416666666666574