1 0.7369322916666667 0.8118842592592592 0.02226822916666671 0.03416203703703699
1 0.598609375 0.7460787037037037 0.010200520833333337 0.02117592592592605
1 0.5437161458333333 0.7990555555555555 0.010911458333333401 0.021384259259259193
1 0.5206354166666667 0.869212962962963 0.008335937500000057 0.0171111111111111
1 0.5001302083333333 0.8512638888888888 0.015023437500000014 0.021888888888888798
1 0.4513463541666667 0.7835833333333333 0.014572916666666713 0.027310185185185257
1 0.5529062499999999 0.5240138888888889 0.012825520833333437 0.021782407407407334
1 0.49241666666666667 0.5716851851851852 0.010234375000000018 0.022226851851851928
1 0.6397578125 0.4887500000000001 0.011513020833333387 0.019712962962962877
1 0.6732916666666666 0.4438425925925926 0.03156770833333322 0.09793981481481476
1 0.6286171875 0.3619027777777778 0.015653645833333396 0.024495370370370355
1 0.7890963541666667 0.32637037037037037 0.011632812500000034 0.0205277777777777
1 0.8081171875000001 0.41208333333333325 0.010208333333333375 0.015041666666666644
1 0.4037604166666667 0.8543703703703704 0.011028645833333295 0.015685185185185208
1 0.360984375 0.806037037037037 0.008864583333333287 0.01595370370370376
1 0.34096354166666665 0.744 0.006570312499999953 0.012527777777777792
1 0.241046875 0.8489120370370371 0.008861979166666645 0.015009259259259345
1 0.01913802083333333 0.8499953703703703 0.012536458333333333 0.0171111111111111
1 0.205140625 0.2793564814814815 0.013916666666666688 0.018768518518518462