1 0.7369322916666667 0.18811574074074072 0.02226822916666671 0.034162037037037046
1 0.598609375 0.2539212962962963 0.010200520833333337 0.02117592592592595
1 0.5437161458333333 0.20094444444444445 0.010911458333333401 0.021384259259259242
1 0.5206354166666667 0.13078703703703703 0.008335937500000057 0.0171111111111111
1 0.5001302083333333 0.1487361111111111 0.015023437500000014 0.021888888888888895
1 0.4513463541666667 0.21641666666666665 0.014572916666666713 0.027310185185185205
1 0.5529062499999999 0.4759861111111111 0.012825520833333437 0.021782407407407334
1 0.49241666666666667 0.4283148148148148 0.010234375000000018 0.022226851851851828
1 0.6397578125 0.51125 0.011513020833333387 0.019712962962962877
1 0.6732916666666666 0.5561574074074074 0.03156770833333322 0.09793981481481476
1 0.6286171875 0.6380972222222222 0.015653645833333396 0.024495370370370355
1 0.7890963541666667 0.6736296296296297 0.011632812500000034 0.0205277777777777
1 0.8081171875000001 0.5879166666666668 0.010208333333333375 0.015041666666666644
1 0.4037604166666667 0.14562962962962964 0.011028645833333295 0.015685185185185208
1 0.360984375 0.19396296296296295 0.008864583333333287 0.01595370370370371
1 0.34096354166666665 0.256 0.006570312499999953 0.012527777777777792
1 0.241046875 0.15108796296296298 0.008861979166666645 0.015009259259259247
1 0.01913802083333333 0.15000462962962963 0.012536458333333333 0.0171111111111111
1 0.205140625 0.7206435185185185 0.013916666666666688 0.018768518518518462