1 0.73625 0.8126342592592593 0.020234375000000027 0.033981481481481564
1 0.5426328125 0.8002407407407408 0.011882812499999895 0.02292592592592592
1 0.5978697916666667 0.7492268518518519 0.011122395833333298 0.02113888888888877
0 0.5222578125 0.8726435185185185 0.009367187500000096 0.015310185185185196
1 0.5000677083333334 0.8529027777777778 0.0143437500000001 0.023888888888888873
1 0.40209114583333333 0.853037037037037 0.010958333333333292 0.018671296296296366
1 0.4497760416666667 0.7832129629629629 0.015257812500000023 0.027319444444444427
1 0.49193489583333333 0.5742453703703704 0.011289062499999947 0.021337962962962937
1 0.5513828125 0.5247083333333333 0.010609375000000032 0.02524999999999997
1 0.6401848958333333 0.48821759259259256 0.013026041666666766 0.02778703703703695
1 0.6742161458333332 0.4476759259259259 0.033815104166666776 0.09774999999999995
1 0.36020052083333337 0.8051851851851851 0.011294270833333342 0.020453703703703734
1 0.3407708333333333 0.7432546296296296 0.009976562500000008 0.01331018518518512
1 0.7885885416666666 0.32758333333333334 0.013682291666666568 0.021541666666666695
1 0.8080182291666667 0.41316666666666674 0.009591145833333314 0.01968981481481475
1 0.6291197916666667 0.3634259259259259 0.016617187500000075 0.03143055555555563
1 0.23890364583333332 0.8522175925925927 0.009934895833333346 0.022787037037037154
1 0.018828124999999998 0.8516342592592593 0.011231770833333335 0.020245370370370393
1 0.20473697916666667 0.27711574074074075 0.011817708333333343 0.018666666666666585