1 0.73625 0.18736574074074072 0.020234375000000027 0.03398148148148147
1 0.5426328125 0.19975925925925928 0.011882812499999895 0.02292592592592592
1 0.5978697916666667 0.2507731481481481 0.011122395833333298 0.021138888888888867
0 0.5222578125 0.1273564814814815 0.009367187500000096 0.015310185185185196
1 0.5000677083333334 0.14709722222222224 0.0143437500000001 0.023888888888888873
1 0.40209114583333333 0.14696296296296296 0.010958333333333292 0.01867129629629627
1 0.4497760416666667 0.21678703703703706 0.015257812500000023 0.027319444444444427
1 0.49193489583333333 0.4257546296296296 0.011289062499999947 0.021337962962962937
1 0.5513828125 0.4752916666666667 0.010609375000000032 0.02524999999999997
1 0.6401848958333333 0.5117824074074074 0.013026041666666766 0.02778703703703695
1 0.6742161458333332 0.552324074074074 0.033815104166666776 0.09774999999999995
1 0.36020052083333337 0.19481481481481483 0.011294270833333342 0.020453703703703682
1 0.3407708333333333 0.2567453703703704 0.009976562500000008 0.013310185185185218
1 0.7885885416666666 0.6724166666666667 0.013682291666666568 0.021541666666666695
1 0.8080182291666667 0.5868333333333333 0.009591145833333314 0.01968981481481475
1 0.6291197916666667 0.6365740740740741 0.016617187500000075 0.03143055555555563
1 0.23890364583333332 0.1477824074074074 0.009934895833333346 0.022787037037037057
1 0.018828124999999998 0.14836574074074074 0.011231770833333335 0.020245370370370344
1 0.20473697916666667 0.7228842592592593 0.011817708333333343 0.018666666666666585