1 0.7372031250000001 0.8124907407407407 0.019669270833333252 0.0319768518518519
1 0.5430729166666667 0.8010740740740742 0.012322916666666739 0.022060185185185252
0 0.5207838541666666 0.8724120370370371 0.009343749999999984 0.01566666666666667
1 0.5985260416666667 0.7466111111111111 0.009729166666666567 0.021115740740740643
1 0.4494973958333333 0.7805925925925926 0.014544270833333317 0.030393518518518507
1 0.40183593749999996 0.8544814814814815 0.0121223958333333 0.020888888888888957
1 0.4994557291666667 0.8517222222222222 0.013036458333333334 0.020064814814814765
1 0.493015625 0.5720046296296295 0.01204427083333337 0.021699074074073996
1 0.36005208333333333 0.804712962962963 0.006994791666666722 0.01477777777777768
1 0.34174479166666666 0.7443796296296296 0.006624999999999992 0.01501388888888893
1 0.24005729166666667 0.8528425925925925 0.01005208333333335 0.013606481481481383
1 0.5519296874999999 0.524574074074074 0.010427083333333309 0.020416666666666652
1 0.6394296875 0.48944907407407406 0.013091145833333373 0.024115740740740757
1 0.6729427083333333 0.44299537037037034 0.03316927083333332 0.09800462962962955
1 0.787859375 0.3285787037037038 0.008072916666666652 0.019412037037037026
1 0.8086770833333333 0.40886574074074084 0.008705729166666565 0.02152777777777774
1 0.6283645833333333 0.3596574074074074 0.015328124999999915 0.02170370370370378
1 0.2045703125 0.27695833333333336 0.00979427083333334 0.020180555555555597
1 0.019484374999999998 0.8498194444444445 0.013411458333333334 0.01965277777777767