1 0.7372031250000001 0.18750925925925924 0.019669270833333252 0.031976851851851854
1 0.5430729166666667 0.19892592592592592 0.012322916666666739 0.022060185185185203
0 0.5207838541666666 0.12758796296296293 0.009343749999999984 0.01566666666666667
1 0.5985260416666667 0.2533888888888889 0.009729166666666567 0.02111574074074074
1 0.4494973958333333 0.2194074074074074 0.014544270833333317 0.030393518518518507
1 0.40183593749999996 0.1455185185185185 0.0121223958333333 0.020888888888888908
1 0.4994557291666667 0.14827777777777776 0.013036458333333334 0.020064814814814813
1 0.493015625 0.4279953703703704 0.01204427083333337 0.021699074074074096
1 0.36005208333333333 0.19528703703703704 0.006994791666666722 0.014777777777777779
1 0.34174479166666666 0.2556203703703704 0.006624999999999992 0.01501388888888893
1 0.24005729166666667 0.14715740740740743 0.01005208333333335 0.013606481481481482
1 0.5519296874999999 0.475425925925926 0.010427083333333309 0.020416666666666652
1 0.6394296875 0.510550925925926 0.013091145833333373 0.024115740740740757
1 0.6729427083333333 0.5570046296296297 0.03316927083333332 0.09800462962962955
1 0.787859375 0.6714212962962962 0.008072916666666652 0.019412037037037026
1 0.8086770833333333 0.5911342592592592 0.008705729166666565 0.02152777777777774
1 0.6283645833333333 0.6403425925925926 0.015328124999999915 0.02170370370370378
1 0.2045703125 0.7230416666666666 0.00979427083333334 0.020180555555555597
1 0.019484374999999998 0.15018055555555554 0.013411458333333334 0.019652777777777766