1 0.7385260416666667 0.8115694444444445 0.02358333333333329 0.032365740740740674
1 0.5445885416666666 0.7988333333333333 0.016179687499999984 0.02174537037037045
0 0.5208802083333334 0.8717592592592592 0.010117187499999902 0.017587962962962993
1 0.5995494791666667 0.7494120370370371 0.01406510416666662 0.02835185185185196
1 0.4033072916666667 0.8562037037037037 0.012575520833333353 0.016620370370370452
1 0.361109375 0.8065925925925925 0.010895833333333327 0.016916666666666715
1 0.341265625 0.7443611111111111 0.00879947916666668 0.015726851851851877
1 0.24120572916666666 0.8504074074074074 0.011700520833333339 0.022861111111111124
1 0.45009895833333335 0.7807499999999999 0.01592968750000001 0.03652314814814813
1 0.4988958333333333 0.8520416666666667 0.012768229166666645 0.027611111111111104
1 0.4923359375 0.5722592592592594 0.011679687500000036 0.02307407407407405
1 0.5516614583333334 0.5259490740740741 0.010023437499999899 0.01677314814814817
1 0.6397317708333333 0.4870370370370371 0.010213541666666659 0.02508796296296288
1 0.6741796875 0.44448611111111114 0.033242187499999964 0.10484259259259253
1 0.7891953125000001 0.3271851851851852 0.012130208333333226 0.02129629629629627
1 0.807453125 0.41411111111111115 0.014057291666666583 0.019888888888888918
1 0.019700520833333336 0.8487731481481481 0.012325520833333332 0.022120370370370464
1 0.20511458333333332 0.2764305555555555 0.011703124999999981 0.02255555555555549
1 0.6294921875 0.3625416666666666 0.017552083333333357 0.025444444444444356