1 0.7385260416666667 0.18843055555555555 0.02358333333333329 0.03236574074074072
1 0.5445885416666666 0.20116666666666666 0.016179687499999984 0.02174537037037035
0 0.5208802083333334 0.12824074074074074 0.010117187499999902 0.017587962962962944
1 0.5995494791666667 0.25058796296296293 0.01406510416666662 0.028351851851851864
1 0.4033072916666667 0.1437962962962963 0.012575520833333353 0.016620370370370355
1 0.361109375 0.1934074074074074 0.010895833333333327 0.016916666666666667
1 0.341265625 0.25563888888888886 0.00879947916666668 0.015726851851851877
1 0.24120572916666666 0.1495925925925926 0.011700520833333339 0.022861111111111124
1 0.45009895833333335 0.21925000000000003 0.01592968750000001 0.03652314814814813
1 0.4988958333333333 0.1479583333333333 0.012768229166666645 0.027611111111111104
1 0.4923359375 0.4277407407407407 0.011679687500000036 0.02307407407407405
1 0.5516614583333334 0.47405092592592596 0.010023437499999899 0.01677314814814817
1 0.6397317708333333 0.512962962962963 0.010213541666666659 0.02508796296296288
1 0.6741796875 0.5555138888888889 0.033242187499999964 0.10484259259259253
1 0.7891953125000001 0.6728148148148149 0.012130208333333226 0.02129629629629627
1 0.807453125 0.5858888888888889 0.014057291666666583 0.019888888888888918
1 0.019700520833333336 0.15122685185185183 0.012325520833333332 0.022120370370370363
1 0.20511458333333332 0.7235694444444445 0.011703124999999981 0.02255555555555549
1 0.6294921875 0.6374583333333335 0.017552083333333357 0.025444444444444356