1 0.737625 0.18918518518518518 0.025979166666666664 0.043356481481481475
1 0.599484375 0.2540462962962963 0.01482812499999997 0.021263888888888874
1 0.5430234375 0.19958796296296297 0.016575520833333357 0.019342592592592595
0 0.522234375 0.1275 0.0075338541666667425 0.01251851851851852
1 0.49928125 0.1471759259259259 0.013674479166666698 0.022958333333333317
1 0.4022630208333333 0.1451712962962963 0.011570312499999957 0.01893981481481482
1 0.44876041666666666 0.2182222222222222 0.013479166666666709 0.03347685185185186
1 0.5519479166666666 0.47598148148148145 0.014093750000000016 0.01981944444444454
1 0.49223177083333336 0.42802777777777773 0.014213541666666663 0.01933796296296296
1 0.6392265625 0.5111203703703704 0.012171874999999943 0.02503703703703704
1 0.6757161458333333 0.5546944444444445 0.03229166666666661 0.10495833333333336
1 0.7899973958333334 0.6743009259259259 0.015236979166666664 0.021750000000000033
1 0.80703125 0.5894027777777777 0.01189843749999997 0.019666666666666624
1 0.6284505208333333 0.6386805555555556 0.0174557291666666 0.027134259259259212
1 0.362 0.19408796296296296 0.011559895833333389 0.019907407407407412
1 0.34182291666666664 0.2556157407407407 0.009432291666666703 0.015726851851851877
1 0.23951822916666665 0.14830555555555555 0.009768229166666642 0.015087962962962949
1 0.20447656250000001 0.7222546296296296 0.012062499999999976 0.02512037037037038
1 0.01972916666666667 0.1507175925925926 0.01748958333333333 0.02424999999999998