1 0.737625 0.8108148148148149 0.025979166666666664 0.043356481481481524
1 0.599484375 0.7459537037037037 0.01482812499999997 0.021263888888888773
1 0.5430234375 0.800412037037037 0.016575520833333357 0.019342592592592647
0 0.522234375 0.8725 0.0075338541666667425 0.01251851851851862
1 0.49928125 0.8528240740740741 0.013674479166666753 0.022958333333333216
1 0.4022630208333333 0.8548287037037037 0.011570312499999957 0.01893981481481492
1 0.44876041666666666 0.7817777777777777 0.013479166666666709 0.03347685185185196
1 0.5519479166666666 0.5240185185185186 0.014093750000000016 0.01981944444444454
1 0.49223177083333336 0.5719722222222222 0.014213541666666663 0.01933796296296306
1 0.6392265625 0.48887962962962966 0.012171874999999943 0.02503703703703704
1 0.6757161458333333 0.4453055555555555 0.03229166666666661 0.10495833333333336
1 0.7899973958333334 0.32569907407407406 0.015236979166666664 0.021750000000000033
1 0.80703125 0.4105972222222223 0.01189843749999997 0.019666666666666624
1 0.6284505208333333 0.36131944444444447 0.0174557291666666 0.027134259259259212
1 0.362 0.8059120370370371 0.011559895833333389 0.01990740740740746
1 0.34182291666666664 0.7443842592592592 0.009432291666666703 0.015726851851851877
1 0.23951822916666665 0.8516944444444445 0.009768229166666642 0.015087962962962899
1 0.20447656250000001 0.2777453703703704 0.012062499999999976 0.02512037037037038
1 0.01972916666666667 0.8492824074074075 0.01748958333333333 0.02424999999999993