1 0.7356302083333334 0.8119398148148148 0.019684895833333327 0.04117592592592582
1 0.5443802083333333 0.8005555555555556 0.010903645833333364 0.02668981481481482
1 0.59840625 0.747125 0.009984374999999934 0.020546296296296437
0 0.520703125 0.8737222222222223 0.012450520833333423 0.01572222222222229
1 0.45054947916666666 0.780513888888889 0.01534374999999999 0.03075925925925935
1 0.4994348958333333 0.8527824074074074 0.014617187499999962 0.029037037037036997
1 0.493921875 0.5721990740740741 0.014770833333333289 0.023921296296296173
1 0.5529947916666667 0.5230092592592592 0.009973958333333366 0.017986111111111133
1 0.6399739583333334 0.4879583333333334 0.010695312499999998 0.021027777777777718
1 0.6721328124999999 0.4436990740740741 0.03798697916666671 0.09588888888888884
1 0.7888593749999999 0.32558333333333334 0.01647656250000007 0.02661574074074065
1 0.8078984375 0.4100648148148148 0.01333593749999995 0.020342592592592683
1 0.628390625 0.36066666666666664 0.017559895833333394 0.02227314814814818
1 0.4032421875 0.8548518518518519 0.01153906250000003 0.01868981481481471
1 0.23904687500000002 0.8518518518518519 0.010760416666666661 0.02096759259259251
1 0.3421328125 0.7447083333333333 0.008768229166666641 0.019166666666666603
1 0.35983072916666664 0.8071111111111111 0.010635416666666675 0.019791666666666628
1 0.018700520833333335 0.8496111111111111 0.0164375 0.02668981481481482
1 0.20562239583333333 0.27794907407407404 0.014466145833333333 0.02005555555555559