1 0.7356302083333334 0.1880601851851852 0.019684895833333327 0.04117592592592592
1 0.5443802083333333 0.19944444444444442 0.010903645833333364 0.02668981481481482
1 0.59840625 0.252875 0.009984374999999934 0.02054629629629634
0 0.520703125 0.12627777777777777 0.012450520833333423 0.01572222222222224
1 0.45054947916666666 0.21948611111111113 0.01534374999999999 0.03075925925925925
1 0.4994348958333333 0.1472175925925926 0.014617187499999962 0.029037037037037045
1 0.493921875 0.4278009259259259 0.014770833333333289 0.02392129629629627
1 0.5529947916666667 0.47699074074074077 0.009973958333333366 0.017986111111111133
1 0.6399739583333334 0.5120416666666666 0.010695312499999998 0.021027777777777718
1 0.6721328124999999 0.556300925925926 0.03798697916666671 0.09588888888888884
1 0.7888593749999999 0.6744166666666667 0.01647656250000007 0.02661574074074065
1 0.8078984375 0.5899351851851852 0.01333593749999995 0.020342592592592683
1 0.628390625 0.6393333333333334 0.017559895833333394 0.02227314814814818
1 0.4032421875 0.14514814814814814 0.01153906250000003 0.018689814814814812
1 0.23904687500000002 0.14814814814814814 0.010760416666666661 0.020967592592592607
1 0.3421328125 0.25529166666666664 0.008768229166666641 0.019166666666666703
1 0.35983072916666664 0.1928888888888889 0.010635416666666675 0.019791666666666676
1 0.018700520833333335 0.15038888888888888 0.0164375 0.02668981481481482
1 0.20562239583333333 0.722050925925926 0.014466145833333333 0.02005555555555559