1 0.73725 0.18669444444444444 0.020601562500000004 0.037421296296296286
1 0.597375 0.24822222222222223 0.01358333333333328 0.022629629629629652
1 0.5438723958333332 0.20250462962962965 0.012864583333333401 0.032203703703703686
0 0.5202526041666666 0.12658333333333335 0.011075520833333297 0.02296296296296295
1 0.500734375 0.14777314814814815 0.011479166666666707 0.020189814814814817
1 0.402328125 0.1461898148148148 0.009190104166666657 0.01939814814814817
1 0.45219010416666666 0.21514814814814814 0.01198697916666669 0.025402777777777788
1 0.4933802083333333 0.42937500000000006 0.012815104166666647 0.026055555555555523
1 0.36032552083333336 0.19306018518518517 0.010078125000000049 0.01925925925925926
1 0.34091927083333334 0.2558472222222222 0.008028645833333292 0.016486111111111076
1 0.24035937500000001 0.14707870370370368 0.010789062500000002 0.01880092592592591
1 0.5524557291666666 0.4736851851851852 0.010645833333333243 0.017217592592592566
1 0.6405182291666667 0.5101249999999999 0.014307291666666666 0.023555555555555528
1 0.6287630208333332 0.637212962962963 0.015531249999999996 0.028171296296296333
1 0.6756145833333334 0.5558425925925925 0.03235937499999997 0.0971666666666666
1 0.7884479166666666 0.6725972222222222 0.014708333333333323 0.018138888888888854
1 0.8072421875 0.5866111111111111 0.01352604166666671 0.0184722222222222
1 0.018794270833333335 0.14906481481481482 0.013518229166666666 0.02277314814814815
1 0.20559635416666666 0.7220185185185185 0.012117187500000015 0.01952777777777786