1 0.73725 0.8133055555555555 0.020601562500000004 0.037421296296296286
1 0.597375 0.7517777777777778 0.01358333333333328 0.022629629629629652
1 0.5438723958333332 0.7974953703703703 0.012864583333333401 0.03220370370370359
0 0.5202526041666666 0.8734166666666666 0.011075520833333297 0.022962962962963
1 0.500734375 0.8522268518518518 0.011479166666666707 0.020189814814814768
1 0.402328125 0.8538101851851851 0.009190104166666657 0.01939814814814827
1 0.45219010416666666 0.7848518518518518 0.01198697916666669 0.025402777777777687
1 0.4933802083333333 0.5706249999999999 0.012815104166666647 0.026055555555555623
1 0.36032552083333336 0.8069398148148148 0.010078125000000049 0.01925925925925931
1 0.34091927083333334 0.7441527777777778 0.008028645833333292 0.016486111111111076
1 0.24035937500000001 0.8529212962962963 0.010789062500000002 0.018800925925925957
1 0.5524557291666666 0.5263148148148148 0.010645833333333243 0.017217592592592566
1 0.6405182291666667 0.489875 0.014307291666666666 0.023555555555555528
1 0.6287630208333332 0.362787037037037 0.015531249999999996 0.028171296296296333
1 0.6756145833333334 0.44415740740740745 0.03235937499999997 0.0971666666666666
1 0.7884479166666666 0.32740277777777776 0.014708333333333323 0.018138888888888854
1 0.8072421875 0.4133888888888889 0.01352604166666671 0.0184722222222222
1 0.018794270833333335 0.8509351851851852 0.013518229166666666 0.0227731481481482
1 0.20559635416666666 0.27798148148148155 0.012117187500000015 0.01952777777777786