1 0.7377421875 0.1868287037037037 0.01863281249999993 0.03726851851851852
1 0.5984270833333334 0.2532361111111111 0.01763281250000004 0.02869444444444448
1 0.5433307291666666 0.2013564814814815 0.013721354166666755 0.02391203703703705
0 0.5199322916666667 0.1302037037037037 0.013916666666666577 0.01912962962962962
1 0.49932291666666667 0.14748148148148146 0.011742187500000001 0.020273148148148155
1 0.4011223958333333 0.14569907407407406 0.011276041666666625 0.01670370370370369
1 0.4491692708333333 0.21699537037037034 0.014822916666666686 0.026912037037037016
1 0.49146875 0.4273564814814815 0.009773437500000037 0.02604629629629625
1 0.5512864583333333 0.47876851851851854 0.012278645833333268 0.026041666666666668
1 0.6396640625 0.5128287037037037 0.008283854166666771 0.02218518518518526
1 0.6742526041666667 0.5553148148148148 0.03552864583333326 0.09430555555555564
1 0.6292994791666667 0.6313333333333334 0.019367187500000105 0.03811574074074069
1 0.7891432291666667 0.6742500000000001 0.01225781249999991 0.0236898148148149
1 0.8087265625000001 0.5863148148148148 0.01166145833333343 0.023907407407407415
1 0.36046875 0.19489351851851852 0.013835937500000006 0.02127314814814814
1 0.34070572916666664 0.25451851851851853 0.00756510416666667 0.011986111111111105
1 0.23858072916666664 0.148162037037037 0.011544270833333314 0.013916666666666652
1 0.0183671875 0.15155092592592592 0.013591145833333332 0.027124999999999993
1 0.20552604166666666 0.721875 0.010502604166666651 0.019972222222222256