1 0.7371770833333334 0.1877083333333333 0.02173177083333333 0.03834722222222221
1 0.5992656249999999 0.25204166666666666 0.0089114583333334 0.02006944444444445
1 0.5422317708333333 0.2018333333333333 0.011783854166666607 0.025685185185185193
0 0.5216953125 0.1290787037037037 0.011098958333333409 0.01627314814814815
1 0.49990625 0.14784259259259258 0.014486979166666636 0.027916666666666638
1 0.40331510416666666 0.14638425925925927 0.012453124999999954 0.02248611111111111
1 0.45069010416666666 0.21561111111111111 0.018440104166666638 0.031527777777777724
1 0.4921041666666667 0.4265 0.013908854166666651 0.023319444444444472
1 0.5523697916666667 0.4753194444444444 0.01186458333333329 0.02493981481481475
1 0.6400729166666667 0.512125 0.009747395833333394 0.020902777777777715
1 0.6743385416666666 0.5539861111111111 0.034127604166666714 0.10797222222222223
1 0.6300026041666666 0.6349305555555556 0.016841145833333293 0.03607407407407415
1 0.3608671875 0.19427314814814814 0.010682291666666677 0.019750000000000007
1 0.2392265625 0.15034722222222222 0.01020833333333332 0.01205092592592595
1 0.3407864583333333 0.2543888888888889 0.00856510416666667 0.016407407407407426
1 0.018973958333333332 0.1487037037037037 0.011643229166666665 0.01627314814814815
1 0.20565364583333334 0.7226666666666667 0.013513020833333333 0.022856481481481537
1 0.78878125 0.6721064814814814 0.012692708333333247 0.02025925925925935
1 0.8086666666666668 0.5886388888888888 0.007374999999999909 0.012796296296296342