1 0.7367083333333333 0.18809722222222225 0.022388020833333355 0.0326574074074074
1 0.598265625 0.2529953703703704 0.014721354166666645 0.027662037037037044
1 0.542828125 0.20074074074074075 0.012630208333333393 0.024736111111111094
0 0.5206197916666667 0.12881481481481483 0.009419270833333382 0.0166527777777778
1 0.4997708333333333 0.14455092592592594 0.013872395833333329 0.018824074074074087
1 0.49209114583333335 0.4279907407407408 0.013351562500000025 0.02602777777777781
1 0.5520156249999999 0.47587962962962965 0.010130208333333224 0.02511111111111121
1 0.639859375 0.509824074074074 0.007252604166666732 0.02559722222222227
1 0.6755781249999999 0.5566249999999999 0.03473697916666674 0.09771296296296288
1 0.7886041666666666 0.6713148148148148 0.01079947916666657 0.02038888888888894
1 0.8084140624999999 0.5886712962962962 0.01086718749999993 0.015291666666666655
1 0.6300286458333333 0.6366388888888889 0.01836197916666671 0.031134259259259167
1 0.4493723958333333 0.21875925925925926 0.01856770833333332 0.029513888888888912
1 0.4027578125 0.1469398148148148 0.011046875000000012 0.0196898148148148
1 0.3626276041666667 0.1967777777777778 0.008257812500000017 0.01876851851851851
1 0.3408333333333333 0.2561435185185185 0.009716145833333356 0.01832870370370375
1 0.23965364583333332 0.1489722222222222 0.008994791666666668 0.020828703703703697
1 0.0208984375 0.15087037037037035 0.014872395833333331 0.02365277777777777
1 0.20545052083333332 0.7230833333333333 0.010919270833333328 0.0184398148148149