1 0.7367083333333333 0.8119027777777778 0.022388020833333355 0.03265740740740735
1 0.598265625 0.7470046296296297 0.014721354166666645 0.02766203703703714
1 0.542828125 0.7992592592592592 0.012630208333333393 0.024736111111111195
0 0.5206197916666667 0.8711851851851852 0.009419270833333382 0.016652777777777752
1 0.4997708333333333 0.855449074074074 0.013872395833333329 0.018824074074074087
1 0.49209114583333335 0.5720092592592593 0.013351562500000025 0.02602777777777791
1 0.5520156249999999 0.5241203703703703 0.010130208333333224 0.02511111111111121
1 0.639859375 0.49017592592592596 0.007252604166666732 0.02559722222222227
1 0.6755781249999999 0.443375 0.03473697916666674 0.09771296296296288
1 0.7886041666666666 0.32868518518518525 0.01079947916666657 0.02038888888888894
1 0.8084140624999999 0.4113287037037037 0.01086718749999993 0.015291666666666655
1 0.6300286458333333 0.3633611111111111 0.01836197916666671 0.031134259259259167
1 0.4493723958333333 0.7812407407407407 0.01856770833333332 0.029513888888888888
1 0.4027578125 0.8530601851851851 0.011046875000000012 0.01968981481481475
1 0.3626276041666667 0.8032222222222223 0.008257812500000017 0.018768518518518462
1 0.3408333333333333 0.7438564814814814 0.009716145833333356 0.01832870370370385
1 0.23965364583333332 0.8510277777777778 0.008994791666666668 0.02082870370370375
1 0.0208984375 0.8491296296296296 0.01487239583333333 0.023652777777777818
1 0.20545052083333332 0.2769166666666667 0.010919270833333328 0.0184398148148149