1 0.7373046875 0.18510185185185185 0.02147135416666668 0.0467962962962963
1 0.5431614583333333 0.20233333333333334 0.014692708333333249 0.030337962962962983
0 0.5205520833333334 0.12671759259259258 0.015049479166666657 0.027254629629629632
1 0.40262760416666665 0.14369444444444446 0.013572916666666712 0.024166666666666645
1 0.24075 0.14793981481481483 0.008830729166666662 0.02339351851851854
1 0.5523854166666666 0.4745138888888889 0.013611979166666677 0.02607870370370375
1 0.6400703125 0.5109074074074074 0.011895833333333439 0.020162037037037055
1 0.62809375 0.6383240740740741 0.015374999999999917 0.025402777777777687
1 0.6744921875000001 0.5520787037037037 0.0347291666666667 0.10236574074074076
1 0.49186718749999997 0.4274675925925926 0.010429687499999951 0.01662500000000004
1 0.7876432291666667 0.6726481481481481 0.010835937500000004 0.023986111111111166
1 0.8082499999999999 0.5888472222222223 0.007395833333333268 0.017736111111111126
1 0.5983203125000001 0.2522222222222222 0.013151041666666696 0.024935185185185164
1 0.4512317708333333 0.2186944444444444 0.01753385416666664 0.03218981481481483
1 0.36089062499999996 0.1958148148148148 0.012401041666666668 0.02252314814814814
1 0.3414817708333333 0.25711574074074073 0.009408854166666702 0.016680555555555563
1 0.018093750000000002 0.14902314814814815 0.012893229166666666 0.01916203703703702
1 0.2050963541666667 0.7240416666666667 0.01251041666666669 0.025930555555555616
1 0.49965885416666667 0.1474537037037037 0.011679687500000036 0.021342592592592573