1 0.737015625 0.8112962962962963 0.023497395833333323 0.04474074074074075
1 0.5436328125000001 0.7979861111111111 0.01954166666666657 0.041268518518518524
1 0.5986875 0.7472546296296296 0.015070312500000016 0.024675925925925983
0 0.5195026041666667 0.8704537037037037 0.01425520833333338 0.019023148148148254
1 0.5002395833333333 0.8528935185185185 0.013218750000000057 0.027162037037037123
1 0.40224479166666666 0.8532083333333333 0.011335937499999948 0.015101851851851854
1 0.45192187500000003 0.7820787037037037 0.015562500000000035 0.03281018518518527
1 0.23968229166666666 0.8476851851851852 0.01143749999999999 0.01929166666666661
1 0.35974739583333337 0.8070925925925926 0.009895833333333326 0.019351851851851818
1 0.341265625 0.7452638888888888 0.00828385416666666 0.015032407407407276
1 0.49336458333333333 0.5718657407407408 0.01553645833333328 0.02245370370370381
1 0.5518098958333333 0.5263796296296296 0.012231770833333266 0.02430092592592597
1 0.6392526041666666 0.4885462962962963 0.011645833333333355 0.022268518518518594
1 0.6727682291666666 0.4480462962962963 0.031760416666666735 0.09869907407407415
1 0.6291093750000001 0.36428240740740736 0.018356770833333425 0.031981481481481486
1 0.787484375 0.3270185185185185 0.012450520833333423 0.018523148148148236
1 0.8075546875 0.41182870370370367 0.01016927083333341 0.018018518518518434
1 0.019005208333333336 0.8515925925925926 0.01807552083333333 0.03090740740740748
1 0.2054765625 0.27937500000000004 0.013731770833333323 0.021259259259259186