1 0.737015625 0.1887037037037037 0.023497395833333323 0.04474074074074075
1 0.5436328125000001 0.20201388888888885 0.01954166666666657 0.041268518518518524
1 0.5986875 0.2527453703703703 0.015070312500000016 0.024675925925925886
0 0.5195026041666667 0.1295462962962963 0.01425520833333338 0.019023148148148157
1 0.5002395833333333 0.14710648148148148 0.013218750000000057 0.027162037037037026
1 0.40224479166666666 0.14679166666666665 0.011335937499999948 0.015101851851851854
1 0.45192187500000003 0.2179212962962963 0.015562500000000035 0.032810185185185164
1 0.23968229166666666 0.15231481481481482 0.01143749999999999 0.01929166666666666
1 0.35974739583333337 0.19290740740740742 0.009895833333333326 0.019351851851851867
1 0.341265625 0.2547361111111111 0.00828385416666666 0.015032407407407375
1 0.49336458333333333 0.42813425925925924 0.01553645833333328 0.022453703703703712
1 0.5518098958333333 0.4736203703703704 0.012231770833333266 0.02430092592592597
1 0.6392526041666666 0.5114537037037037 0.011645833333333355 0.022268518518518594
1 0.6727682291666666 0.5519537037037038 0.031760416666666735 0.09869907407407415
1 0.6291093750000001 0.6357175925925926 0.018356770833333425 0.031981481481481486
1 0.787484375 0.6729814814814815 0.012450520833333423 0.018523148148148236
1 0.8075546875 0.5881712962962964 0.01016927083333341 0.018018518518518434
1 0.019005208333333336 0.1484074074074074 0.01807552083333333 0.030907407407407383
1 0.2054765625 0.720625 0.013731770833333323 0.021259259259259186