1 0.7399453125 0.1847175925925926 0.017638020833333323 0.03213888888888889
1 0.5455494791666666 0.19622685185185185 0.014260416666666664 0.02969444444444442
1 0.5979635416666667 0.24914351851851851 0.013622395833333245 0.026731481481481485
1 0.23876041666666667 0.14549537037037036 0.011361979166666647 0.023138888888888893
1 0.403640625 0.14305092592592594 0.012994791666666616 0.022879629629629614
1 0.44994270833333333 0.2138425925925926 0.014453124999999956 0.027893518518518536
1 0.50065625 0.14478703703703705 0.014320312499999988 0.01940740740740739
0 0.49421874999999993 0.4235231481481481 0.017070312499999962 0.03289814814814819
1 0.5535078124999999 0.47200462962962964 0.017156249999999984 0.02337962962962968
1 0.6407578125000001 0.5085277777777778 0.011968750000000083 0.02235185185185193
1 0.6316770833333333 0.6360324074074073 0.018549479166666716 0.029675925925925977
1 0.6763177083333333 0.5508981481481482 0.03491145833333342 0.10477777777777773
1 0.018609374999999997 0.14723148148148146 0.018973958333333332 0.019666666666666673
1 0.20725260416666666 0.7193611111111111 0.012148437499999998 0.02504166666666663
1 0.34189062499999995 0.2544166666666666 0.010591145833333315 0.01875925925925929
1 0.3629453125 0.19493981481481482 0.016239583333333307 0.027120370370370357
1 0.7892864583333333 0.6723611111111111 0.017359375000000066 0.02131481481481481
1 0.8093255208333333 0.5833703703703703 0.010565104166666561 0.01925925925925931