1 0.7402265625 0.8137222222222222 0.01967447916666676 0.04208333333333335
1 0.5206536458333333 0.8721111111111112 0.012971354166666726 0.019842592592592665
1 0.4046197916666667 0.8538425925925925 0.014721354166666645 0.018837962962962845
1 0.45050260416666665 0.7847222222222222 0.014213541666666663 0.031967592592592534
1 0.5441796875 0.8004398148148149 0.015453125000000068 0.01860648148148157
1 0.5981875 0.7483842592592593 0.010861979166666647 0.02262037037037048
0 0.49449479166666666 0.5737222222222222 0.0122682291666667 0.028555555555555518
1 0.5528046875 0.5262222222222221 0.01471614583333336 0.026240740740740835
1 0.6410312499999999 0.49150925925925937 0.01208854166666673 0.024768518518518492
1 0.6771822916666667 0.4459027777777778 0.03277864583333323 0.10346759259259268
1 0.7899765625 0.3285046296296296 0.009692708333333355 0.022680555555555496
1 0.8088776041666667 0.41245370370370377 0.016216145833333417 0.024393518518518478
1 0.6294739583333333 0.3629490740740741 0.01869010416666672 0.028870370370370324
1 0.24115364583333332 0.8514537037037037 0.011539062499999975 0.022231481481481512
1 0.362140625 0.803875 0.010309895833333305 0.022847222222222168
1 0.34171875 0.7468796296296296 0.008567708333333313 0.020064814814814962
1 0.020942708333333334 0.8505277777777778 0.017635416666666667 0.022689814814814864
1 0.20419270833333333 0.2769537037037037 0.01268489583333332 0.024305555555555556