1 0.7402265625 0.1862777777777778 0.01967447916666676 0.04208333333333335
1 0.5206536458333333 0.12788888888888889 0.012971354166666726 0.019842592592592617
1 0.4046197916666667 0.1461574074074074 0.014721354166666645 0.018837962962962942
1 0.45050260416666665 0.2152777777777778 0.014213541666666663 0.03196759259259263
1 0.5441796875 0.1995601851851852 0.015453125000000068 0.018606481481481474
1 0.5981875 0.2516157407407407 0.010861979166666647 0.022620370370370384
0 0.49449479166666666 0.42627777777777776 0.0122682291666667 0.028555555555555518
1 0.5528046875 0.4737777777777778 0.01471614583333336 0.026240740740740835
1 0.6410312499999999 0.5084907407407406 0.01208854166666673 0.024768518518518492
1 0.6771822916666667 0.5540972222222221 0.03277864583333323 0.10346759259259268
1 0.7899765625 0.6714953703703704 0.009692708333333355 0.022680555555555496
1 0.8088776041666667 0.5875462962962962 0.016216145833333417 0.024393518518518478
1 0.6294739583333333 0.6370509259259259 0.01869010416666672 0.028870370370370324
1 0.24115364583333332 0.14854629629629632 0.011539062499999975 0.022231481481481463
1 0.362140625 0.196125 0.010309895833333305 0.022847222222222217
1 0.34171875 0.2531203703703704 0.008567708333333313 0.02006481481481486
1 0.020942708333333334 0.14947222222222223 0.017635416666666667 0.022689814814814815
1 0.20419270833333333 0.7230462962962964 0.01268489583333332 0.024305555555555556