1 0.7385182291666667 0.1844675925925926 0.022351562499999922 0.036407407407407395
1 0.5987604166666666 0.2515185185185185 0.011791666666666645 0.026546296296296273
1 0.5453723958333333 0.19903703703703704 0.014911458333333405 0.024407407407407385
1 0.5213880208333334 0.12694907407407408 0.0110468749999999 0.012624999999999985
1 0.5002187499999999 0.1454814814814815 0.01642447916666656 0.022694444444444448
1 0.40396614583333335 0.14408796296296297 0.010455729166666705 0.021194444444444443
1 0.4494609375 0.2167777777777778 0.018299479166666632 0.032902777777777774
0 0.49286718749999997 0.42921296296296296 0.011843750000000042 0.02461111111111109
1 0.55334375 0.47452314814814817 0.010611979166666563 0.014976851851851849
1 0.6414401041666666 0.5100092592592591 0.010393229166666629 0.026828703703703778
1 0.6757083333333332 0.5532870370370371 0.032658854166666584 0.09795370370370371
1 0.6302734375 0.6377268518518519 0.019872395833333334 0.023907407407407415
1 0.7889921875 0.6714305555555555 0.01340364583333331 0.01933796296296306
1 0.8102031249999999 0.5875648148148148 0.00955208333333335 0.019981481481481426
1 0.23975520833333333 0.147625 0.010273437499999982 0.015416666666666658
1 0.3628411458333333 0.19132407407407406 0.009179687499999978 0.017986111111111133
1 0.34186979166666664 0.2562314814814815 0.007729166666666676 0.016699074074074102
1 0.023153645833333333 0.15023148148148147 0.015934895833333337 0.019342592592592595
1 0.20442968749999998 0.7209444444444445 0.013369791666666686 0.02196759259259255