1 0.7387552083333334 0.8141111111111111 0.015869791666666577 0.030749999999999982
1 0.5999661458333333 0.745912037037037 0.010848958333333325 0.021888888888888996
1 0.5456458333333334 0.7993009259259259 0.01534374999999999 0.024824074074074116
1 0.5213098958333333 0.8714768518518519 0.010671875000000108 0.01455555555555558
1 0.500515625 0.8530509259259259 0.014791666666666758 0.02398148148148158
1 0.450671875 0.7847407407407407 0.017955729166666656 0.029564814814814926
0 0.49479947916666667 0.5747222222222221 0.009075520833333295 0.026
1 0.5531692708333333 0.5245000000000001 0.00982291666666657 0.02487037037037037
1 0.6411119791666666 0.48699537037037044 0.008572916666666597 0.021768518518518576
1 0.6743385416666666 0.44630555555555557 0.03674218750000002 0.10405555555555562
1 0.6301770833333333 0.3647592592592593 0.017111979166666735 0.026402777777777726
1 0.7889661458333334 0.3277361111111111 0.015151041666666698 0.021208333333333346
1 0.8099036458333334 0.41182407407407406 0.010744791666666753 0.015569444444444377
1 0.4049375 0.854912037037037 0.011624999999999996 0.014162037037037025
1 0.3613828125 0.8075694444444445 0.011937500000000045 0.019462962962963064
1 0.3410625 0.7459444444444444 0.011296874999999984 0.01471759259259247
1 0.24161197916666666 0.8533055555555555 0.009526041666666651 0.01838888888888886
1 0.018458333333333334 0.8525462962962963 0.012914062500000004 0.018898148148148053
1 0.2057578125 0.27948611111111116 0.009817708333333341 0.022217592592592556