1 0.7387552083333334 0.18588888888888888 0.015869791666666577 0.030749999999999982
1 0.5999661458333333 0.254087962962963 0.010848958333333325 0.021888888888888895
1 0.5456458333333334 0.20069907407407406 0.01534374999999999 0.024824074074074068
1 0.5213098958333333 0.12852314814814816 0.010671875000000108 0.01455555555555558
1 0.500515625 0.1469490740740741 0.014791666666666703 0.02398148148148148
1 0.450671875 0.21525925925925923 0.017955729166666656 0.02956481481481483
0 0.49479947916666667 0.4252777777777778 0.009075520833333295 0.026
1 0.5531692708333333 0.4755 0.00982291666666657 0.02487037037037037
1 0.6411119791666666 0.5130046296296296 0.008572916666666597 0.021768518518518576
1 0.6743385416666666 0.5536944444444445 0.03674218750000002 0.10405555555555562
1 0.6301770833333333 0.6352407407407408 0.017111979166666735 0.026402777777777726
1 0.7889661458333334 0.6722638888888889 0.015151041666666698 0.021208333333333346
1 0.8099036458333334 0.5881759259259259 0.010744791666666753 0.015569444444444377
1 0.4049375 0.14508796296296297 0.011624999999999996 0.014162037037037025
1 0.3613828125 0.19243055555555555 0.011937500000000045 0.019462962962962967
1 0.3410625 0.25405555555555553 0.011296874999999984 0.014717592592592569
1 0.24161197916666666 0.14669444444444446 0.009526041666666651 0.01838888888888886
1 0.018458333333333334 0.1474537037037037 0.012914062500000002 0.01889814814814815
1 0.2057578125 0.7205138888888888 0.009817708333333341 0.022217592592592556