1 0.7388463541666667 0.8149907407407407 0.021195312499999952 0.0391574074074074
1 0.5995520833333334 0.7497777777777777 0.014018229166666618 0.028375000000000088
1 0.5438802083333333 0.8017268518518519 0.012955729166666652 0.0250509259259258
1 0.5206875 0.8704907407407407 0.011710937499999963 0.02262500000000007
1 0.5014322916666667 0.8532777777777778 0.017200520833333233 0.02657407407407418
1 0.45047656249999996 0.7862916666666666 0.012424479166666669 0.022398148148148184
0 0.49406770833333336 0.5747824074074074 0.011609375000000033 0.02487037037037037
1 0.5530078125000001 0.5257407407407407 0.011210937500000018 0.01933796296296306
1 0.640109375 0.49058333333333337 0.012281250000000021 0.0246388888888889
1 0.6750651041666667 0.44501388888888893 0.03191145833333331 0.09343518518518519
1 0.6303151041666666 0.3599074074074074 0.01726302083333331 0.02493055555555558
1 0.7900885416666666 0.3274305555555556 0.013971354166666616 0.019791666666666628
1 0.8107578125 0.41357407407407404 0.010736979166666716 0.0171435185185186
1 0.4041588541666667 0.8558194444444445 0.00949739583333331 0.019458333333333282
1 0.36076041666666664 0.8074583333333334 0.011835937500000004 0.018666666666666585
1 0.34204427083333333 0.7455231481481481 0.00926041666666666 0.015560185185185205
1 0.23935416666666667 0.8537037037037037 0.009585937499999975 0.018611111111111158
1 0.019440104166666666 0.8511620370370371 0.0183046875 0.02674537037037044
1 0.20653385416666667 0.27858333333333335 0.013080729166666638 0.02504166666666663