1 0.7388463541666667 0.18500925925925926 0.021195312499999952 0.0391574074074074
1 0.5995520833333334 0.25022222222222223 0.014018229166666618 0.02837499999999999
1 0.5438802083333333 0.19827314814814814 0.012955729166666652 0.0250509259259259
1 0.5206875 0.12950925925925927 0.011710937499999963 0.02262500000000002
1 0.5014322916666667 0.14672222222222223 0.017200520833333233 0.026574074074074083
1 0.45047656249999996 0.21370833333333333 0.012424479166666669 0.022398148148148184
0 0.49406770833333336 0.42521759259259256 0.011609375000000033 0.02487037037037037
1 0.5530078125000001 0.47425925925925927 0.011210937500000018 0.01933796296296306
1 0.640109375 0.5094166666666666 0.012281250000000021 0.0246388888888889
1 0.6750651041666667 0.5549861111111111 0.03191145833333331 0.09343518518518519
1 0.6303151041666666 0.6400925925925925 0.01726302083333331 0.02493055555555558
1 0.7900885416666666 0.6725694444444444 0.013971354166666616 0.019791666666666628
1 0.8107578125 0.5864259259259259 0.010736979166666716 0.0171435185185186
1 0.4041588541666667 0.14418055555555556 0.00949739583333331 0.01945833333333333
1 0.36076041666666664 0.19254166666666667 0.011835937500000004 0.018666666666666682
1 0.34204427083333333 0.25447685185185187 0.00926041666666666 0.015560185185185205
1 0.23935416666666667 0.14629629629629629 0.009585937499999975 0.01861111111111111
1 0.019440104166666666 0.14883796296296295 0.0183046875 0.02674537037037039
1 0.20653385416666667 0.7214166666666667 0.013080729166666638 0.02504166666666663