1 0.7389036458333333 0.1865185185185185 0.01799218749999998 0.033412037037037066
1 0.5997135416666667 0.2505 0.01047395833333331 0.0207175925925926
1 0.5452994791666667 0.19870370370370372 0.014276041666666739 0.025550925925925918
1 0.5006067708333333 0.14821296296296296 0.013898437499999972 0.021263888888888874
1 0.5209843749999999 0.12691666666666668 0.013445312500000028 0.02262500000000002
1 0.4044817708333333 0.14500925925925925 0.01010156250000005 0.01876851851851851
1 0.45047135416666667 0.21853703703703703 0.015822916666666687 0.02907407407407408
1 0.3418880208333333 0.2536157407407407 0.010726562500000036 0.014259259259259218
0 0.4938515625 0.425412037037037 0.010276041666666624 0.020875
1 0.5526171875 0.47661574074074076 0.012429687500000064 0.021694444444444412
1 0.6411770833333333 0.5108842592592593 0.0093385416666667 0.01794907407407405
1 0.6755677083333332 0.5538333333333333 0.035812500000000025 0.09994444444444442
1 0.6300651041666666 0.6368842592592593 0.0211796875000001 0.025763888888888944
1 0.7893203124999999 0.6728055555555555 0.011687500000000073 0.018490740740740738
1 0.8096822916666666 0.5871805555555556 0.01065364583333328 0.017189814814814852
1 0.2392630208333333 0.14625925925925926 0.009864583333333343 0.017356481481481476
1 0.019479166666666665 0.14788425925925924 0.013679687500000003 0.020611111111111136
1 0.20584895833333333 0.722212962962963 0.012812500000000004 0.02060648148148145
1 0.361640625 0.19257407407407406 0.0073776041666666625 0.017189814814814804