1 0.7389036458333333 0.8134814814814815 0.01799218749999998 0.03341203703703696
1 0.5997135416666667 0.7494999999999999 0.01047395833333331 0.020717592592592697
1 0.5452994791666667 0.8012962962962963 0.014276041666666739 0.02555092592592602
1 0.5006067708333333 0.851787037037037 0.013898437499999972 0.02126388888888897
1 0.5209843749999999 0.8730833333333333 0.013445312500000028 0.02262500000000007
1 0.4044817708333333 0.8549907407407408 0.01010156250000005 0.018768518518518462
1 0.45047135416666667 0.7814629629629629 0.015822916666666687 0.02907407407407408
1 0.3418880208333333 0.7463842592592592 0.010726562500000036 0.014259259259259317
0 0.4938515625 0.574587962962963 0.010276041666666624 0.020875
1 0.5526171875 0.5233842592592592 0.012429687500000064 0.021694444444444412
1 0.6411770833333333 0.4891157407407407 0.0093385416666667 0.01794907407407405
1 0.6755677083333332 0.4461666666666667 0.035812500000000025 0.09994444444444442
1 0.6300651041666666 0.36311574074074066 0.0211796875000001 0.025763888888888944
1 0.7893203124999999 0.32719444444444445 0.011687500000000073 0.018490740740740738
1 0.8096822916666666 0.4128194444444444 0.01065364583333328 0.017189814814814852
1 0.2392630208333333 0.8537407407407407 0.009864583333333343 0.017356481481481525
1 0.019479166666666665 0.8521157407407407 0.013679687500000003 0.020611111111111233
1 0.20584895833333333 0.27778703703703705 0.012812500000000004 0.02060648148148145
1 0.361640625 0.807425925925926 0.0073776041666666625 0.017189814814814852