1 0.7386119791666667 0.8127824074074074 0.016453124999999957 0.033268518518518614
1 0.6002473958333333 0.7483472222222223 0.00918229166666662 0.020013888888888925
1 0.5440885416666668 0.8030555555555555 0.013213541666666773 0.02227314814814818
1 0.5212578125 0.8713657407407407 0.00966406249999996 0.016986111111111098
1 0.4995546875 0.8550462962962962 0.013007812499999938 0.021708333333333368
1 0.45174479166666665 0.7809722222222222 0.016606770833333284 0.03217129629629629
0 0.49361458333333336 0.574324074074074 0.012195312499999944 0.022268518518518396
1 0.5532135416666667 0.5276388888888889 0.01040624999999995 0.0173009259259259
1 0.6416666666666666 0.49103240740740745 0.009218750000000053 0.018814814814814715
1 0.6292421874999999 0.36258796296296303 0.018989583333333337 0.026990740740740666
1 0.6750598958333334 0.4454027777777777 0.03246614583333329 0.09674999999999992
1 0.7895807291666666 0.3274074074074075 0.010252604166666623 0.01740277777777778
1 0.8082786458333333 0.41237500000000005 0.010533854166666634 0.018148148148148222
1 0.40459895833333337 0.8551157407407408 0.008679687500000033 0.018398148148148035
1 0.3608723958333333 0.8064537037037037 0.010453124999999952 0.021180555555555633
1 0.3422734375 0.7444907407407408 0.006799479166666678 0.009333333333333292
1 0.24021354166666664 0.8523842592592593 0.010393229166666684 0.016245370370370438
1 0.020411458333333334 0.8507268518518518 0.013341145833333332 0.020824074074073964
1 0.20579166666666668 0.27791666666666665 0.011859375000000005 0.021212962962962933