1 0.7386119791666667 0.1872175925925926 0.016453124999999957 0.03326851851851852
1 0.6002473958333333 0.2516527777777778 0.00918229166666662 0.020013888888888925
1 0.5440885416666668 0.19694444444444445 0.013213541666666773 0.022273148148148132
1 0.5212578125 0.12863425925925925 0.00966406249999996 0.016986111111111098
1 0.4995546875 0.14495370370370372 0.013007812499999938 0.021708333333333316
1 0.45174479166666665 0.21902777777777782 0.016606770833333284 0.03217129629629629
0 0.49361458333333336 0.42567592592592596 0.012195312499999944 0.022268518518518497
1 0.5532135416666667 0.47236111111111106 0.01040624999999995 0.0173009259259259
1 0.6416666666666666 0.5089675925925925 0.009218750000000053 0.018814814814814715
1 0.6292421874999999 0.637412037037037 0.018989583333333337 0.026990740740740666
1 0.6750598958333334 0.5545972222222223 0.03246614583333329 0.09674999999999992
1 0.7895807291666666 0.6725925925925925 0.010252604166666623 0.01740277777777778
1 0.8082786458333333 0.587625 0.010533854166666634 0.018148148148148222
1 0.40459895833333337 0.14488425925925927 0.008679687500000033 0.018398148148148132
1 0.3608723958333333 0.19354629629629627 0.010453124999999952 0.021180555555555536
1 0.3422734375 0.2555092592592592 0.006799479166666678 0.009333333333333292
1 0.24021354166666664 0.14761574074074074 0.010393229166666684 0.01624537037037039
1 0.020411458333333334 0.14927314814814815 0.013341145833333332 0.020824074074074064
1 0.20579166666666668 0.7220833333333334 0.011859375000000005 0.021212962962962933