1 0.7387265625 0.8159212962962963 0.019145833333333417 0.03462037037037034
1 0.5974739583333334 0.7471064814814815 0.012375000000000025 0.019064814814814923
0 0.4486588541666666 0.7831157407407408 0.015440104166666635 0.024175925925925965
1 0.5204088541666666 0.8710925925925925 0.007997395833333254 0.019365740740740774
1 0.5430260416666666 0.7998425925925926 0.011632812500000034 0.022412037037036942
1 0.4983359375 0.8536574074074074 0.013174479166666697 0.0161944444444444
1 0.490609375 0.5736759259259259 0.010794270833333286 0.017296296296296317
1 0.5495468750000001 0.5247592592592594 0.015763020833333252 0.01688425925925922
1 0.6392395833333333 0.4905694444444445 0.012716145833333359 0.027152777777777755
1 0.6730520833333333 0.44505555555555554 0.037552083333333375 0.10445370370370376
1 0.6281796875 0.36194907407407406 0.014361979166666705 0.029796296296296196
1 0.7890286458333333 0.3283472222222222 0.011002604166666652 0.01776388888888884
1 0.8085755208333333 0.4116898148148148 0.010874999999999968 0.020115740740740802
1 0.402328125 0.8508749999999999 0.008348958333333378 0.021768518518518576
1 0.35991666666666666 0.804125 0.013257812500000021 0.023347222222222186
1 0.3427135416666667 0.7445277777777777 0.0073776041666666625 0.01683333333333338
1 0.24024479166666665 0.8506388888888889 0.0056744791666666905 0.018009259259259263
1 0.015658854166666666 0.8376111111111111 0.014078124999999997 0.02188425925925921
1 0.20434114583333332 0.27819444444444447 0.016468749999999976 0.02405092592592596