1 0.7387265625 0.18407870370370372 0.019145833333333417 0.03462037037037034
1 0.5974739583333334 0.2528935185185185 0.012375000000000025 0.019064814814814826
0 0.4486588541666666 0.21688425925925928 0.015440104166666635 0.024175925925925917
1 0.5204088541666666 0.1289074074074074 0.007997395833333254 0.019365740740740725
1 0.5430260416666666 0.2001574074074074 0.011632812500000034 0.022412037037037043
1 0.4983359375 0.1463425925925926 0.013174479166666697 0.01619444444444445
1 0.490609375 0.4263240740740741 0.010794270833333286 0.017296296296296317
1 0.5495468750000001 0.4752407407407407 0.015763020833333252 0.01688425925925922
1 0.6392395833333333 0.5094305555555555 0.012716145833333359 0.027152777777777755
1 0.6730520833333333 0.5549444444444445 0.037552083333333375 0.10445370370370376
1 0.6281796875 0.6380509259259259 0.014361979166666705 0.029796296296296196
1 0.7890286458333333 0.6716527777777778 0.011002604166666652 0.01776388888888884
1 0.8085755208333333 0.5883101851851852 0.010874999999999968 0.020115740740740802
1 0.402328125 0.149125 0.008348958333333378 0.021768518518518527
1 0.35991666666666666 0.195875 0.013257812500000021 0.023347222222222234
1 0.3427135416666667 0.25547222222222227 0.0073776041666666625 0.01683333333333338
1 0.24024479166666665 0.1493611111111111 0.0056744791666666905 0.018009259259259263
1 0.015658854166666666 0.1623888888888889 0.014078124999999999 0.02188425925925926
1 0.20434114583333332 0.7218055555555556 0.016468749999999976 0.02405092592592596