1 0.7385130208333333 0.8139907407407407 0.020513020833333284 0.03882870370370364
1 0.5987604166666666 0.7488472222222222 0.01013541666666673 0.02237499999999986
1 0.5426666666666667 0.8002916666666667 0.013216145833333304 0.021074074074073974
1 0.5199505208333333 0.8703842592592592 0.009791666666666643 0.01461574074074079
1 0.49882291666666667 0.8519814814814815 0.012960937499999936 0.01929166666666661
0 0.45012239583333336 0.7833611111111112 0.013736979166666718 0.02194444444444442
1 0.4914557291666667 0.5721203703703703 0.011411458333333346 0.025888888888888947
1 0.5506979166666666 0.5245092592592593 0.010721354166666641 0.02038888888888894
1 0.63875 0.49068981481481483 0.010499999999999954 0.022037037037037126
1 0.6720364583333333 0.4466481481481482 0.03458072916666666 0.09796296296296288
1 0.6282213541666666 0.3612870370370371 0.01581510416666676 0.024685185185185157
1 0.7892604166666667 0.3274953703703704 0.009669270833333243 0.014986111111111021
1 0.8093854166666666 0.4114074074074075 0.007421874999999911 0.013013888888888856
1 0.4036484375 0.8526111111111111 0.010658854166666676 0.018037037037036976
1 0.3596171875 0.8042037037037038 0.008067708333333368 0.0167314814814815
1 0.24020572916666666 0.8482916666666667 0.00858072916666669 0.017120370370370272
1 0.34213802083333333 0.7449398148148147 0.008281250000000018 0.011083333333333358
1 0.20571614583333334 0.2778055555555556 0.011890624999999988 0.018847222222222213
1 0.014802083333333334 0.8365462962962963 0.011528645833333337 0.017166666666666726