1 0.7385130208333333 0.18600925925925924 0.020513020833333284 0.03882870370370369
1 0.5987604166666666 0.2511527777777778 0.01013541666666673 0.02237499999999996
1 0.5426666666666667 0.19970833333333332 0.013216145833333304 0.02107407407407407
1 0.5199505208333333 0.12961574074074075 0.009791666666666643 0.014615740740740742
1 0.49882291666666667 0.14801851851851852 0.012960937499999992 0.01929166666666666
0 0.45012239583333336 0.21663888888888888 0.013736979166666718 0.02194444444444442
1 0.4914557291666667 0.4278796296296296 0.011411458333333346 0.02588888888888885
1 0.5506979166666666 0.4754907407407407 0.010721354166666641 0.02038888888888894
1 0.63875 0.5093101851851851 0.010499999999999954 0.022037037037037126
1 0.6720364583333333 0.5533518518518519 0.03458072916666666 0.09796296296296288
1 0.6282213541666666 0.638712962962963 0.01581510416666676 0.024685185185185157
1 0.7892604166666667 0.6725046296296296 0.009669270833333243 0.014986111111111021
1 0.8093854166666666 0.5885925925925926 0.007421874999999911 0.013013888888888856
1 0.4036484375 0.1473888888888889 0.010658854166666676 0.018037037037037025
1 0.3596171875 0.1957962962962963 0.008067708333333368 0.0167314814814815
1 0.24020572916666666 0.15170833333333333 0.00858072916666669 0.017120370370370373
1 0.34213802083333333 0.25506018518518514 0.008281250000000018 0.011083333333333358
1 0.20571614583333334 0.7221944444444444 0.011890624999999988 0.018847222222222213
1 0.014802083333333334 0.1634537037037037 0.011528645833333335 0.017166666666666677