1 0.7398020833333334 0.8169537037037037 0.025161458333333275 0.0380509259259259
1 0.5984166666666667 0.7476018518518519 0.008817708333333396 0.022550925925925905
1 0.5416848958333333 0.800587962962963 0.010807291666666607 0.015305555555555609
0 0.44993489583333335 0.7832870370370371 0.011893229166666686 0.02298148148148154
1 0.4020078125 0.852712962962963 0.010263020833333303 0.01689351851851859
1 0.51934375 0.8707268518518518 0.00915885416666673 0.01946759259259265
1 0.4989348958333333 0.8507638888888889 0.010890625000000043 0.021569444444444405
1 0.49229947916666666 0.5725694444444445 0.010648437499999996 0.022162037037037133
1 0.5501770833333333 0.5252685185185185 0.012640624999999961 0.02104629629629626
1 0.6399401041666666 0.4895231481481481 0.01022656249999998 0.020740740740740823
1 0.6278515625 0.36031018518518515 0.015580729166666751 0.022888888888888834
1 0.6728828124999999 0.4462268518518518 0.035062499999999996 0.09266666666666662
1 0.7894088541666666 0.32681481481481484 0.0112916666666667 0.015768518518518546
1 0.8091302083333333 0.4121342592592593 0.009489583333333274 0.015731481481481464
1 0.36070572916666666 0.8052453703703704 0.01059635416666671 0.015347222222222278
1 0.34191145833333336 0.7431249999999999 0.008611979166666672 0.013754629629629514
1 0.2401875 0.8486435185185185 0.009682291666666676 0.018092592592592598
1 0.016080729166666665 0.8340231481481482 0.014786458333333335 0.025717592592592493
1 0.204296875 0.27768981481481475 0.010820312499999984 0.020032407407407464