1 0.7398020833333334 0.1830462962962963 0.025161458333333275 0.0380509259259259
1 0.5984166666666667 0.2523981481481481 0.008817708333333396 0.022550925925925905
1 0.5416848958333333 0.19941203703703703 0.010807291666666607 0.01530555555555556
0 0.44993489583333335 0.21671296296296297 0.011893229166666686 0.02298148148148149
1 0.4020078125 0.14728703703703705 0.010263020833333303 0.01689351851851854
1 0.51934375 0.12927314814814816 0.00915885416666673 0.019467592592592602
1 0.4989348958333333 0.14923611111111112 0.010890625000000043 0.021569444444444457
1 0.49229947916666666 0.42743055555555554 0.010648437499999996 0.022162037037037032
1 0.5501770833333333 0.4747314814814815 0.012640624999999961 0.02104629629629626
1 0.6399401041666666 0.5104768518518519 0.01022656249999998 0.020740740740740823
1 0.6278515625 0.6396898148148149 0.015580729166666751 0.022888888888888834
1 0.6728828124999999 0.5537731481481482 0.035062499999999996 0.09266666666666662
1 0.7894088541666666 0.6731851851851851 0.0112916666666667 0.015768518518518546
1 0.8091302083333333 0.5878657407407407 0.009489583333333274 0.015731481481481464
1 0.36070572916666666 0.19475462962962964 0.01059635416666671 0.015347222222222227
1 0.34191145833333336 0.256875 0.008611979166666672 0.013754629629629613
1 0.2401875 0.15135648148148148 0.009682291666666676 0.018092592592592598
1 0.016080729166666665 0.16597685185185185 0.014786458333333335 0.02571759259259259
1 0.204296875 0.7223101851851852 0.010820312499999984 0.020032407407407464