1 0.7357265625 0.8171666666666666 0.024242187500000068 0.0380185185185186
1 0.5986380208333333 0.7525 0.009424479166666666 0.023560185185185115
1 0.5427213541666667 0.7991435185185185 0.017247395833333234 0.021777777777777747
1 0.5194895833333333 0.8714999999999999 0.010221354166666696 0.01729166666666673
0 0.4481041666666667 0.7840925925925926 0.011838541666666647 0.02336111111111114
1 0.40153125 0.8549629629629629 0.006924479166666719 0.015907407407407308
1 0.496203125 0.8563842592592592 0.014450520833333313 0.021384259259259193
1 0.49213541666666666 0.5688703703703704 0.013669270833333358 0.02599537037037041
1 0.5507265625 0.5247037037037037 0.013869791666666575 0.02876388888888886
1 0.6379895833333333 0.49162962962962964 0.013929687499999899 0.025990740740740828
1 0.6721979166666666 0.44564351851851847 0.03020572916666664 0.10185185185185179
1 0.6278125 0.36397222222222225 0.02165104166666665 0.030555555555555596
1 0.7867031250000001 0.3287546296296296 0.015898437499999973 0.02612962962962959
1 0.8105078124999999 0.4106805555555555 0.011372395833333382 0.01437962962962954
1 0.3598385416666667 0.8055138888888889 0.013781249999999967 0.018541666666666776
1 0.3413984375 0.7458657407407407 0.00831770833333334 0.0154351851851852
1 0.24022395833333335 0.8518935185185185 0.00784635416666668 0.014912037037037053
1 0.015611979166666666 0.8362824074074074 0.013838541666666666 0.017615740740740706
1 0.20480729166666667 0.2761342592592593 0.009875000000000023 0.01965740740740745