1 0.7357265625 0.18283333333333332 0.024242187500000068 0.0380185185185185
1 0.5986380208333333 0.2475 0.009424479166666666 0.023560185185185212
1 0.5427213541666667 0.2008564814814815 0.017247395833333234 0.0217777777777778
1 0.5194895833333333 0.1285 0.010221354166666696 0.01729166666666668
0 0.4481041666666667 0.2159074074074074 0.011838541666666647 0.023361111111111093
1 0.40153125 0.14503703703703702 0.006924479166666719 0.01590740740740741
1 0.496203125 0.1436157407407407 0.014450520833333313 0.021384259259259242
1 0.49213541666666666 0.43112962962962964 0.013669270833333358 0.02599537037037041
1 0.5507265625 0.47529629629629633 0.013869791666666575 0.02876388888888886
1 0.6379895833333333 0.5083703703703704 0.013929687499999899 0.025990740740740828
1 0.6721979166666666 0.5543564814814815 0.03020572916666664 0.10185185185185179
1 0.6278125 0.6360277777777777 0.02165104166666665 0.030555555555555596
1 0.7867031250000001 0.6712453703703704 0.015898437499999973 0.02612962962962959
1 0.8105078124999999 0.5893194444444445 0.011372395833333382 0.01437962962962954
1 0.3598385416666667 0.19448611111111108 0.013781249999999967 0.01854166666666668
1 0.3413984375 0.25413425925925925 0.00831770833333334 0.0154351851851852
1 0.24022395833333335 0.1481064814814815 0.00784635416666668 0.014912037037037053
1 0.015611979166666666 0.16371759259259258 0.013838541666666666 0.017615740740740755
1 0.20480729166666667 0.7238657407407407 0.009875000000000023 0.01965740740740745