1 0.7370338541666667 0.18506944444444443 0.022744791666666764 0.03452314814814815
1 0.5420260416666667 0.2001111111111111 0.011302083333333268 0.023476851851851825
1 0.5973255208333333 0.24912037037037038 0.01070833333333332 0.023222222222222182
1 0.5196510416666666 0.12863425925925925 0.00961979166666671 0.015356481481481499
1 0.49926041666666665 0.14656944444444442 0.012541666666666673 0.022657407407407418
1 0.40253125 0.14768055555555556 0.013838541666666648 0.01916666666666665
0 0.44915364583333334 0.2181712962962963 0.0113151041666667 0.024175925925925917
1 0.49059895833333333 0.42524537037037036 0.011289062499999947 0.020106481481481434
1 0.5514713541666667 0.47177314814814814 0.010268229166666698 0.017180555555555484
1 0.6390729166666667 0.5099907407407407 0.00936197916666659 0.018194444444444475
1 0.6722421875 0.5552824074074074 0.03199218749999999 0.10078703703703695
1 0.7876093750000001 0.6701203703703703 0.012700520833333284 0.01965740740740745
1 0.8095911458333332 0.5886111111111112 0.012312499999999948 0.018898148148148053
1 0.6270833333333333 0.6369814814814815 0.019445312500000034 0.02880092592592594
1 0.35874999999999996 0.1940787037037037 0.013046875000000013 0.025125000000000015
1 0.3409661458333333 0.2584490740740741 0.012184895833333376 0.014458333333333288
1 0.23963281250000001 0.1502175925925926 0.01198177083333335 0.015097222222222218
1 0.016138020833333332 0.16516666666666666 0.012984375 0.018712962962962938
1 0.20543229166666666 0.7236666666666666 0.012997395833333314 0.021629629629629617