1 0.7380104166666667 0.18600925925925924 0.02070833333333333 0.03465277777777779
1 0.5988828125 0.25156944444444446 0.01067447916666664 0.017268518518518503
1 0.5424114583333334 0.19952314814814817 0.01299739583333337 0.021180555555555536
1 0.5196041666666666 0.129625 0.010507812499999991 0.016870370370370362
1 0.4986588541666666 0.14663425925925927 0.01201041666666669 0.021958333333333326
0 0.4494765625 0.21633333333333332 0.010739583333333358 0.021527777777777788
1 0.40312760416666665 0.14804166666666665 0.010791666666666644 0.017537037037037056
1 0.3609713541666667 0.1951851851851852 0.009197916666666694 0.015393518518518532
1 0.3422604166666667 0.25643055555555555 0.007039062499999971 0.013009259259259269
1 0.2404791666666667 0.15039814814814814 0.007421875000000022 0.015023148148148154
1 0.0149140625 0.16374074074074074 0.010570312500000002 0.018555555555555533
1 0.20456770833333332 0.7224814814814814 0.009367187499999985 0.017458333333333402
1 0.4913515625 0.42794444444444446 0.00932812500000002 0.018532407407407407
1 0.5513854166666667 0.47547685185185184 0.009523437499999954 0.016680555555555462
1 0.6392604166666667 0.5111018518518519 0.009802083333333433 0.020430555555555605
1 0.6276171875000001 0.6401157407407408 0.016075520833333412 0.022439814814814853
1 0.6717864583333333 0.5503842592592592 0.031729166666666586 0.08887037037037043
1 0.7891822916666666 0.6728611111111111 0.009140624999999902 0.015611111111111044
1 0.8096302083333333 0.5885277777777778 0.010442708333333384 0.017138888888888815