1 0.7380104166666667 0.8139907407407407 0.02070833333333333 0.03465277777777784
1 0.5988828125 0.7484305555555556 0.01067447916666664 0.017268518518518603
1 0.5424114583333334 0.8004768518518518 0.01299739583333337 0.021180555555555633
1 0.5196041666666666 0.870375 0.010507812499999991 0.016870370370370265
1 0.4986588541666666 0.8533657407407407 0.01201041666666669 0.021958333333333375
0 0.4494765625 0.7836666666666666 0.010739583333333358 0.02152777777777774
1 0.40312760416666665 0.8519583333333334 0.010791666666666644 0.017537037037037153
1 0.3609713541666667 0.8048148148148148 0.009197916666666694 0.015393518518518532
1 0.3422604166666667 0.7435694444444444 0.007039062499999971 0.013009259259259269
1 0.2404791666666667 0.8496018518518519 0.007421875000000022 0.015023148148148103
1 0.0149140625 0.8362592592592593 0.010570312500000002 0.018555555555555533
1 0.20456770833333332 0.2775185185185186 0.009367187499999985 0.017458333333333402
1 0.4913515625 0.5720555555555555 0.00932812500000002 0.018532407407407407
1 0.5513854166666667 0.5245231481481482 0.009523437499999954 0.016680555555555462
1 0.6392604166666667 0.4888981481481481 0.009802083333333433 0.020430555555555605
1 0.6276171875000001 0.3598842592592592 0.016075520833333412 0.022439814814814853
1 0.6717864583333333 0.4496157407407408 0.031729166666666586 0.08887037037037043
1 0.7891822916666666 0.3271388888888888 0.009140624999999902 0.015611111111111044
1 0.8096302083333333 0.4114722222222222 0.010442708333333384 0.017138888888888815