1 0.7391171875 0.1840138888888889 0.01748958333333328 0.03483796296296296
1 0.5986354166666668 0.2523101851851852 0.010015625000000083 0.018574074074074076
1 0.5424244791666666 0.19905555555555554 0.009914062500000043 0.015851851851851832
1 0.5199921875 0.1282685185185185 0.00788020833333336 0.01641666666666665
1 0.49905989583333343 0.14662962962962964 0.012018229166666616 0.02042592592592592
1 0.4866328125 0.09592592592592591 0.025236979166666673 0.16043055555555552
0 0.44987760416666667 0.21606944444444443 0.011690104166666715 0.01998611111111111
1 0.4027369791666667 0.14662962962962964 0.01005729166666669 0.015351851851851863
1 0.49154166666666665 0.4276203703703703 0.008406249999999948 0.01835185185185188
1 0.5509687499999999 0.47461111111111115 0.010499999999999954 0.017574074074074037
1 0.6394791666666666 0.5100324074074075 0.008580729166666634 0.014532407407407454
1 0.6284192708333334 0.6371342592592593 0.016598958333333247 0.02901388888888887
1 0.6728359375 0.5541064814814814 0.032140625000000034 0.0930879629629629
1 0.7891692708333333 0.6734490740740742 0.010669270833333355 0.015912037037037093
1 0.8092552083333333 0.5887824074074074 0.009281249999999908 0.013532407407407417
1 0.3604921875 0.1945462962962963 0.006471354166666665 0.013032407407407397
1 0.34274739583333336 0.25702777777777774 0.008106770833333332 0.012777777777777801
1 0.24076562499999998 0.1501712962962963 0.007200520833333335 0.013407407407407411
1 0.016088541666666668 0.16450925925925924 0.011867187500000001 0.020083333333333356
1 0.204625 0.722162037037037 0.008843749999999984 0.01631481481481482