1 0.7391171875 0.8159861111111111 0.01748958333333328 0.03483796296296306
1 0.5986354166666668 0.7476898148148148 0.010015625000000083 0.018574074074074076
1 0.5424244791666666 0.8009444444444445 0.009914062500000043 0.01585185185185188
1 0.5199921875 0.8717314814814815 0.00788020833333336 0.016416666666666697
1 0.49905989583333343 0.8533703703703703 0.012018229166666616 0.020425925925925823
1 0.4866328125 0.904074074074074 0.025236979166666673 0.16043055555555538
0 0.44987760416666667 0.7839305555555556 0.011690104166666715 0.019986111111111014
1 0.4027369791666667 0.8533703703703703 0.01005729166666669 0.015351851851851863
1 0.49154166666666665 0.5723796296296296 0.008406249999999948 0.01835185185185178
1 0.5509687499999999 0.5253888888888888 0.010499999999999954 0.017574074074074037
1 0.6394791666666666 0.48996759259259254 0.008580729166666634 0.014532407407407454
1 0.6284192708333334 0.36286574074074074 0.016598958333333247 0.02901388888888887
1 0.6728359375 0.44589351851851855 0.032140625000000034 0.0930879629629629
1 0.7891692708333333 0.3265509259259259 0.010669270833333355 0.015912037037037093
1 0.8092552083333333 0.4112175925925926 0.009281249999999908 0.013532407407407417
1 0.3604921875 0.8054537037037037 0.006471354166666665 0.013032407407407397
1 0.34274739583333336 0.7429722222222223 0.008106770833333332 0.012777777777777801
1 0.24076562499999998 0.8498287037037037 0.007200520833333335 0.013407407407407411
1 0.016088541666666668 0.8354907407407407 0.011867187500000001 0.020083333333333304
1 0.204625 0.277837962962963 0.008843749999999984 0.01631481481481482