1 0.738234375 0.812837962962963 0.01864322916666672 0.03727777777777774
1 0.5981927083333333 0.7464814814814815 0.015942708333333444 0.025393518518518517
1 0.5448489583333332 0.801337962962963 0.012143229166666769 0.029379629629629714
1 0.5188151041666667 0.8706527777777777 0.010130208333333224 0.015583333333333331
1 0.4972630208333333 0.8559259259259259 0.011513020833333387 0.019083333333333268
1 0.48791666666666667 0.9055694444444443 0.02557031249999997 0.16449999999999992
1 0.4033411458333333 0.8524953703703704 0.009289062500000056 0.018527777777777824
0 0.4497708333333333 0.7830787037037037 0.014554687499999996 0.023879629629629702
1 0.4923359375 0.5749722222222222 0.012091145833333372 0.02606944444444438
1 0.5510104166666667 0.5251203703703704 0.00986718750000004 0.015777777777777717
1 0.6400833333333333 0.49061574074074077 0.008653645833333279 0.029166666666666587
1 0.6283411458333333 0.36321296296296296 0.01436718749999999 0.029379629629629714
1 0.674578125 0.44612500000000005 0.033151041666666714 0.09714351851851848
1 0.7889505208333334 0.3268611111111111 0.013015624999999975 0.019277777777777852
1 0.8097369791666666 0.41182870370370367 0.010096354166666766 0.017425925925925907
1 0.3600625 0.8072083333333333 0.006851562499999964 0.018875000000000124
1 0.3415989583333333 0.7439768518518518 0.007463541666666629 0.011865740740740685
1 0.2401458333333333 0.8511851851851852 0.011031249999999992 0.016199074074073987
1 0.0154296875 0.8376944444444444 0.013473958333333334 0.019694444444444334
1 0.2047578125 0.2764305555555555 0.011859375000000005 0.023740740740740743