1 0.738234375 0.18716203703703702 0.01864322916666672 0.03727777777777779
1 0.5981927083333333 0.25351851851851853 0.015942708333333444 0.025393518518518517
1 0.5448489583333332 0.19866203703703703 0.012143229166666769 0.029379629629629613
1 0.5188151041666667 0.1293472222222222 0.010130208333333224 0.015583333333333331
1 0.4972630208333333 0.14407407407407408 0.011513020833333332 0.019083333333333317
1 0.48791666666666667 0.09443055555555555 0.025570312500000025 0.1645
1 0.4033411458333333 0.14750462962962962 0.009289062500000056 0.01852777777777777
0 0.4497708333333333 0.2169212962962963 0.014554687499999996 0.023879629629629653
1 0.4923359375 0.4250277777777777 0.012091145833333372 0.02606944444444448
1 0.5510104166666667 0.4748796296296296 0.00986718750000004 0.015777777777777717
1 0.6400833333333333 0.5093842592592592 0.008653645833333279 0.029166666666666587
1 0.6283411458333333 0.636787037037037 0.01436718749999999 0.029379629629629714
1 0.674578125 0.553875 0.033151041666666714 0.09714351851851848
1 0.7889505208333334 0.673138888888889 0.013015624999999975 0.019277777777777852
1 0.8097369791666666 0.5881712962962964 0.010096354166666766 0.017425925925925907
1 0.3600625 0.19279166666666667 0.006851562499999964 0.018875000000000024
1 0.3415989583333333 0.25602314814814814 0.007463541666666629 0.011865740740740784
1 0.2401458333333333 0.14881481481481482 0.011031249999999992 0.016199074074074084
1 0.0154296875 0.16230555555555556 0.013473958333333336 0.019694444444444435
1 0.2047578125 0.7235694444444445 0.011859375000000005 0.023740740740740743