1 0.7377552083333333 0.18501851851851853 0.019664062499999968 0.030749999999999982
1 0.5991328125000001 0.25279629629629624 0.0151979166666667 0.023620370370370323
1 0.5425989583333333 0.2005462962962963 0.010835937500000004 0.015745370370370368
1 0.5201484375 0.12855555555555556 0.011140624999999904 0.016250000000000025
1 0.49962760416666663 0.14536111111111114 0.013789062499999949 0.02277314814814815
0 0.4887916666666667 0.0925787037037037 0.020221354166666705 0.161037037037037
0 0.45025 0.21632407407407406 0.01205468750000005 0.019310185185185173
1 0.4921640625 0.42868981481481483 0.014606770833333282 0.03043981481481486
1 0.5523385416666666 0.4787083333333333 0.015072916666666769 0.025722222222222275
1 0.402484375 0.1446574074074074 0.006434895833333343 0.01504629629629628
1 0.24030989583333331 0.15040277777777777 0.01124739583333334 0.01660185185185186
1 0.36065625 0.19512500000000002 0.012182291666666623 0.01845370370370371
1 0.3424244791666667 0.25563425925925926 0.010257812500000019 0.01123148148148149
1 0.015098958333333332 0.1635925925925926 0.010890625000000001 0.0158935185185185
1 0.20413020833333334 0.7242916666666667 0.010515625000000028 0.023814814814814907
1 0.63928125 0.5109953703703703 0.010156250000000089 0.02075925925925917
1 0.673265625 0.5546435185185186 0.03138802083333325 0.09902314814814812
1 0.628078125 0.6383518518518518 0.016192708333333306 0.025324074074074134
1 0.78953125 0.6731203703703703 0.010442708333333384 0.01719444444444444
1 0.8097942708333333 0.5887592592592593 0.008302083333333377 0.017347222222222156