1 0.7377552083333333 0.8149814814814814 0.019664062499999968 0.030749999999999982
1 0.5991328125000001 0.7472037037037037 0.0151979166666667 0.023620370370370323
1 0.5425989583333333 0.7994537037037036 0.010835937500000004 0.01574537037037042
1 0.5201484375 0.8714444444444445 0.011140624999999904 0.016250000000000025
1 0.49962760416666663 0.8546388888888888 0.013789062499999893 0.0227731481481482
0 0.4887916666666667 0.9074212962962963 0.020221354166666705 0.16103703703703687
0 0.45025 0.7836759259259259 0.01205468750000005 0.01931018518518515
1 0.4921640625 0.5713101851851852 0.014606770833333282 0.030439814814814763
1 0.5523385416666666 0.5212916666666667 0.015072916666666769 0.025722222222222275
1 0.402484375 0.8553425925925926 0.006434895833333343 0.015046296296296231
1 0.24030989583333331 0.8495972222222222 0.01124739583333334 0.01660185185185191
1 0.36065625 0.804875 0.012182291666666623 0.018453703703703656
1 0.3424244791666667 0.7443657407407408 0.010257812500000019 0.01123148148148149
1 0.015098958333333332 0.8364074074074074 0.010890625000000001 0.01589351851851855
1 0.20413020833333334 0.27570833333333333 0.010515625000000028 0.023814814814814907
1 0.63928125 0.48900462962962965 0.010156250000000089 0.02075925925925917
1 0.673265625 0.44535648148148144 0.03138802083333325 0.09902314814814812
1 0.628078125 0.3616481481481482 0.016192708333333306 0.025324074074074134
1 0.78953125 0.32687962962962963 0.010442708333333384 0.01719444444444444
1 0.8097942708333333 0.41124074074074074 0.008302083333333377 0.017347222222222156