1 0.7384010416666666 0.1852314814814815 0.019312500000000066 0.02772685185185184
1 0.5993567708333334 0.2524074074074074 0.01132552083333338 0.018800925925925957
1 0.5425364583333334 0.1979212962962963 0.009052083333333405 0.020106481481481482
1 0.5199296875 0.12763425925925925 0.009749999999999925 0.01499537037037039
1 0.499671875 0.14693055555555556 0.011726562500000037 0.018856481481481484
1 0.48811197916666665 0.09381944444444446 0.021817708333333297 0.16270833333333334
0 0.44999479166666667 0.21856944444444443 0.014455729166666709 0.025800925925925904
1 0.4033697916666667 0.14662037037037037 0.01107812500000005 0.01823148148148146
1 0.49207291666666664 0.4283148148148148 0.011182291666666622 0.021550925925925963
1 0.5510052083333333 0.47315740740740736 0.008401041666666664 0.017458333333333402
1 0.639421875 0.5115601851851852 0.007447916666666776 0.020449074074074147
1 0.6723567708333333 0.5556481481481481 0.0327760416666667 0.0982083333333333
1 0.6285260416666667 0.6389351851851851 0.013497395833333314 0.024254629629629716
1 0.36095572916666663 0.19671296296296295 0.01123697916666666 0.01943055555555557
1 0.3433567708333333 0.25530092592592596 0.006809895833333357 0.014171296296296296
1 0.24052864583333333 0.1504537037037037 0.008734375000000016 0.018083333333333326
1 0.0165078125 0.16574537037037035 0.014447916666666664 0.02522222222222221
1 0.20471354166666667 0.7216435185185186 0.009882812500000004 0.02121759259259252
1 0.790015625 0.6743425925925925 0.012640624999999961 0.02039814814814811
1 0.8103671874999999 0.5901157407407408 0.009390624999999986 0.015189814814814776