1 0.7384010416666666 0.8147685185185185 0.019312500000000066 0.027726851851851936
1 0.5993567708333334 0.7475925925925926 0.01132552083333338 0.018800925925925957
1 0.5425364583333334 0.8020787037037037 0.009052083333333405 0.020106481481481434
1 0.5199296875 0.8723657407407407 0.009749999999999925 0.01499537037037039
1 0.499671875 0.8530694444444444 0.011726562500000037 0.01885648148148158
1 0.48811197916666665 0.9061805555555557 0.021817708333333297 0.16270833333333337
0 0.44999479166666667 0.7814305555555556 0.014455729166666709 0.025800925925925828
1 0.4033697916666667 0.8533796296296297 0.01107812500000005 0.018231481481481362
1 0.49207291666666664 0.5716851851851852 0.011182291666666622 0.021550925925926064
1 0.5510052083333333 0.5268425925925926 0.008401041666666664 0.017458333333333402
1 0.639421875 0.48843981481481485 0.007447916666666776 0.020449074074074147
1 0.6723567708333333 0.44435185185185183 0.0327760416666667 0.0982083333333333
1 0.6285260416666667 0.36106481481481484 0.013497395833333314 0.024254629629629716
1 0.36095572916666663 0.8032870370370371 0.01123697916666666 0.01943055555555557
1 0.3433567708333333 0.7446990740740741 0.006809895833333357 0.014171296296296395
1 0.24052864583333333 0.8495462962962963 0.008734375000000016 0.01808333333333323
1 0.0165078125 0.8342546296296296 0.014447916666666664 0.025222222222222257
1 0.20471354166666667 0.27835648148148145 0.009882812500000004 0.02121759259259252
1 0.790015625 0.3256574074074074 0.012640624999999961 0.02039814814814811
1 0.8103671874999999 0.4098842592592592 0.009390624999999986 0.015189814814814776