1 0.016359375 0.8360277777777778 0.014252604166666662 0.01677314814814817
1 0.20504427083333332 0.2782685185185185 0.009434895833333345 0.020342592592592683
1 0.24068489583333333 0.8494166666666667 0.007919270833333325 0.015384259259259162
1 0.36095572916666663 0.8043101851851852 0.007919270833333325 0.014861111111111214
1 0.4021692708333333 0.854375 0.008213541666666657 0.013819444444444507
0 0.44866406249999996 0.7829259259259259 0.011440104166666631 0.021120370370370425
1 0.499265625 0.8520277777777778 0.011734374999999964 0.02477314814814808
1 0.5197265625 0.8704074074074074 0.008653645833333279 0.014078703703703689
1 0.5431197916666667 0.8003981481481481 0.012026041666666654 0.021643518518518572
1 0.5990755208333333 0.7491620370370371 0.010119791666666655 0.01877314814814805
1 0.7395833333333334 0.8163055555555556 0.018333333333333313 0.030509259259259142
1 0.49134635416666667 0.5725046296296296 0.009388020833333344 0.017472222222222358
1 0.5515520833333334 0.5251805555555555 0.009828125000000076 0.020861111111111046
1 0.6388958333333333 0.4897175925925926 0.009388020833333233 0.0182500000000001
1 0.6782760416666667 0.4474768518518519 0.03564062500000009 0.10221296296296305
1 0.7887187499999999 0.3262314814814815 0.009828125000000076 0.016689814814814834
1 0.8092526041666667 0.4113657407407407 0.010999999999999899 0.015384259259259162