1 0.016359375 0.16397222222222224 0.014252604166666662 0.01677314814814817
1 0.20504427083333332 0.7217314814814815 0.009434895833333345 0.020342592592592683
1 0.24068489583333333 0.15058333333333332 0.007919270833333325 0.01538425925925926
1 0.36095572916666663 0.19568981481481482 0.007919270833333325 0.014861111111111115
1 0.4021692708333333 0.145625 0.008213541666666657 0.013819444444444459
0 0.44866406249999996 0.21707407407407409 0.011440104166666631 0.021120370370370376
1 0.499265625 0.14797222222222223 0.011734374999999964 0.024773148148148127
1 0.5197265625 0.1295925925925926 0.008653645833333279 0.014078703703703689
1 0.5431197916666667 0.19960185185185184 0.012026041666666654 0.02164351851851852
1 0.5990755208333333 0.25083796296296296 0.010119791666666655 0.018773148148148146
1 0.7395833333333334 0.18369444444444444 0.018333333333333313 0.030509259259259243
1 0.49134635416666667 0.4274953703703704 0.009388020833333344 0.01747222222222226
1 0.5515520833333334 0.4748194444444444 0.009828125000000076 0.020861111111111046
1 0.6388958333333333 0.5102824074074074 0.009388020833333233 0.0182500000000001
1 0.6782760416666667 0.5525231481481482 0.03564062500000009 0.10221296296296305
1 0.7887187499999999 0.6737685185185185 0.009828125000000076 0.016689814814814834
1 0.8092526041666667 0.5886342592592593 0.010999999999999899 0.015384259259259162