1 0.017986979166666663 0.8345648148148148 0.020330729166666665 0.025023148148148086
1 0.20586197916666665 0.27812962962962967 0.01290364583333331 0.02293981481481487
1 0.24085416666666667 0.8495092592592592 0.009382812500000004 0.02015740740740747
1 0.40233854166666666 0.854375 0.01172916666666668 0.018768518518518462
0 0.450234375 0.7845185185185185 0.013684895833333321 0.02224537037037027
1 0.49167968749999996 0.5711157407407408 0.013684895833333321 0.0291944444444445
1 0.35893749999999996 0.8057175925925927 0.010947916666666613 0.02154629629629628
1 0.4996953125 0.8522916666666667 0.015640625000000075 0.028500000000000095
1 0.5196380208333333 0.8710555555555556 0.011729166666666568 0.024328703703703682
1 0.5425104166666666 0.8008518518518518 0.013684895833333321 0.025717592592592493
1 0.5988151041666666 0.7515000000000001 0.013684895833333321 0.024328703703703682
1 0.7393776041666666 0.8182268518518518 0.017986979166666694 0.029888888888888902
1 0.5503307291666667 0.5262824074074074 0.015249999999999986 0.024328703703703682
1 0.6386953125 0.4873564814814815 0.012119791666666657 0.024328703703703682
1 0.6752552083333333 0.4411342592592592 0.04770312499999996 0.08619444444444449
1 0.6302890624999999 0.35980555555555566 0.01876822916666665 0.02363425925925928
1 0.7896223958333334 0.32505092592592594 0.012119791666666657 0.02363425925925928
1 0.8105416666666666 0.4108935185185185 0.014856770833333366 0.02154629629629628