1 0.017986979166666663 0.16543518518518516 0.020330729166666665 0.025023148148148138
1 0.20586197916666665 0.7218703703703704 0.01290364583333331 0.02293981481481487
1 0.24085416666666667 0.15049074074074073 0.009382812500000004 0.02015740740740742
1 0.40233854166666666 0.145625 0.01172916666666668 0.01876851851851851
0 0.450234375 0.2154814814814815 0.013684895833333321 0.02224537037037037
1 0.49167968749999996 0.4288842592592592 0.013684895833333321 0.029194444444444398
1 0.35893749999999996 0.19428240740740738 0.010947916666666613 0.02154629629629628
1 0.4996953125 0.14770833333333333 0.01564062500000002 0.028499999999999994
1 0.5196380208333333 0.12894444444444442 0.011729166666666568 0.024328703703703682
1 0.5425104166666666 0.19914814814814816 0.013684895833333321 0.02571759259259259
1 0.5988151041666666 0.2485 0.013684895833333321 0.024328703703703682
1 0.7393776041666666 0.18177314814814813 0.017986979166666694 0.029888888888888902
1 0.5503307291666667 0.4737175925925926 0.015249999999999986 0.024328703703703682
1 0.6386953125 0.5126435185185185 0.012119791666666657 0.024328703703703682
1 0.6752552083333333 0.5588657407407408 0.04770312499999996 0.08619444444444449
1 0.6302890624999999 0.6401944444444444 0.01876822916666665 0.02363425925925928
1 0.7896223958333334 0.6749490740740741 0.012119791666666657 0.02363425925925928
1 0.8105416666666666 0.5891064814814815 0.014856770833333366 0.02154629629629628