1 0.7388437499999999 0.18372222222222223 0.017080729166666586 0.034111111111111106
1 0.5983958333333333 0.24953240740740742 0.012872395833333439 0.026074074074074065
1 0.5423880208333334 0.20033796296296297 0.012085937499999977 0.022851851851851852
1 0.5199453125 0.12660185185185183 0.007523437499999952 0.013791666666666647
1 0.49868229166666667 0.14785185185185185 0.01296354166666669 0.017976851851851865
1 0.4886770833333333 0.09405092592592593 0.022153645833333346 0.15756018518518522
0 0.4488541666666666 0.22083333333333333 0.017585937500000037 0.03170370370370371
1 0.4021145833333333 0.14506944444444445 0.008924479166666721 0.0210648148148148
1 0.36090104166666664 0.19474074074074074 0.01408854166666662 0.01783333333333332
1 0.3423411458333333 0.2546851851851852 0.01103385416666669 0.016601851851851812
1 0.49122656249999996 0.4245833333333333 0.009177083333333336 0.021472222222222212
1 0.5520833333333334 0.4752222222222222 0.01340364583333331 0.021402777777777732
1 0.6391302083333333 0.5113425925925925 0.011609374999999922 0.021962962962962962
1 0.6734114583333334 0.5549398148148148 0.0349869791666666 0.09680092592592596
1 0.6287968749999999 0.6376064814814815 0.015276041666666629 0.024842592592592656
1 0.7890390625 0.675611111111111 0.013888020833333403 0.022986111111111127
1 0.808546875 0.5860092592592593 0.011190104166666659 0.01681018518518525
1 0.2397109375 0.14839814814814814 0.010158854166666675 0.01907870370370368
1 0.015869791666666667 0.16707407407407407 0.014351562499999998 0.024296296296296285
1 0.20452083333333335 0.7216481481481481 0.01486197916666665 0.019893518518518505