1 0.7388437499999999 0.8162777777777778 0.017080729166666586 0.034111111111111155
1 0.5983958333333333 0.7504675925925925 0.012872395833333439 0.026074074074073965
1 0.5423880208333334 0.799662037037037 0.012085937499999977 0.022851851851851752
1 0.5199453125 0.8733981481481482 0.007523437499999952 0.013791666666666598
1 0.49868229166666667 0.8521481481481481 0.01296354166666669 0.017976851851851963
1 0.4886770833333333 0.9059490740740741 0.022153645833333346 0.15756018518518525
0 0.4488541666666666 0.7791666666666667 0.017585937500000037 0.03170370370370376
1 0.4021145833333333 0.8549305555555555 0.008924479166666721 0.0210648148148148
1 0.36090104166666664 0.8052592592592593 0.01408854166666662 0.01783333333333322
1 0.3423411458333333 0.7453148148148148 0.01103385416666669 0.01660185185185191
1 0.49122656249999996 0.5754166666666667 0.009177083333333336 0.021472222222222313
1 0.5520833333333334 0.5247777777777778 0.01340364583333331 0.021402777777777732
1 0.6391302083333333 0.4886574074074075 0.011609374999999922 0.021962962962962962
1 0.6734114583333334 0.4450601851851852 0.0349869791666666 0.09680092592592596
1 0.6287968749999999 0.36239351851851853 0.015276041666666629 0.024842592592592656
1 0.7890390625 0.3243888888888889 0.013888020833333403 0.022986111111111127
1 0.808546875 0.4139907407407407 0.011190104166666659 0.01681018518518525
1 0.2397109375 0.8516018518518519 0.010158854166666675 0.01907870370370368
1 0.015869791666666667 0.832925925925926 0.014351562499999998 0.024296296296296187
1 0.20452083333333335 0.27835185185185185 0.01486197916666665 0.019893518518518505