1 0.7392760416666667 0.8109768518518519 0.022825520833333224 0.038898148148148216
1 0.6008828125 0.7488194444444445 0.012971354166666726 0.021518518518518367
1 0.5467578125 0.8013611111111111 0.01676041666666661 0.030060185185185162
1 0.5224635416666666 0.8708333333333333 0.011778645833333323 0.02211574074074068
1 0.5024713541666667 0.8538611111111112 0.011648437500000108 0.02531018518518518
1 0.406296875 0.852712962962963 0.011791666666666645 0.015583333333333331
1 0.45367447916666664 0.7830925925925926 0.014812500000000006 0.0278333333333334
1 0.49480468749999995 0.5729305555555556 0.013611979166666677 0.02039814814814811
1 0.5547369791666666 0.5259166666666667 0.01241406249999999 0.023523148148148227
1 0.6438098958333334 0.48629629629629634 0.013106770833333226 0.01854166666666658
1 0.6756875 0.4434814814814815 0.03625781249999993 0.10135185185185176
1 0.6314218749999999 0.3627962962962964 0.016151041666666588 0.02760648148148152
1 0.7900130208333334 0.3286712962962964 0.011513020833333387 0.014310185185185157
1 0.8119479166666667 0.4111805555555556 0.010265624999999945 0.020402777777777697
1 0.24351822916666666 0.8515972222222222 0.014072916666666657 0.015138888888888936
1 0.362609375 0.8068194444444444 0.012390624999999988 0.019143518518518476
1 0.3429322916666666 0.7452916666666667 0.00912500000000005 0.017879629629629672
1 0.020817708333333334 0.8518148148148148 0.013807291666666666 0.018708333333333254
0 0.20928125 0.27962037037037035 0.016276041666666685 0.030879629629629573