1 0.7392760416666667 0.18902314814814816 0.022825520833333224 0.03889814814814817
1 0.6008828125 0.2511805555555555 0.012971354166666726 0.021518518518518468
1 0.5467578125 0.1986388888888889 0.01676041666666661 0.030060185185185162
1 0.5224635416666666 0.12916666666666668 0.011778645833333323 0.022115740740740727
1 0.5024713541666667 0.1461388888888889 0.011648437500000108 0.02531018518518518
1 0.406296875 0.14728703703703705 0.011791666666666645 0.015583333333333331
1 0.45367447916666664 0.2169074074074074 0.014812500000000006 0.027833333333333352
1 0.49480468749999995 0.42706944444444445 0.013611979166666677 0.02039814814814811
1 0.5547369791666666 0.47408333333333336 0.01241406249999999 0.023523148148148227
1 0.6438098958333334 0.5137037037037037 0.013106770833333226 0.01854166666666658
1 0.6756875 0.5565185185185185 0.03625781249999993 0.10135185185185176
1 0.6314218749999999 0.6372037037037036 0.016151041666666588 0.02760648148148152
1 0.7900130208333334 0.6713287037037037 0.011513020833333387 0.014310185185185157
1 0.8119479166666667 0.5888194444444443 0.010265624999999945 0.020402777777777697
1 0.24351822916666666 0.14840277777777777 0.014072916666666657 0.015138888888888887
1 0.362609375 0.19318055555555555 0.012390624999999988 0.019143518518518525
1 0.3429322916666666 0.2547083333333333 0.00912500000000005 0.017879629629629672
1 0.020817708333333334 0.14818518518518517 0.013807291666666666 0.01870833333333335
0 0.20928125 0.7203796296296296 0.016276041666666685 0.030879629629629573