1 0.7390364583333333 0.8125324074074074 0.018236979166666778 0.03241666666666671
1 0.6001901041666666 0.7473287037037036 0.009757812499999963 0.016930555555555473
1 0.5462916666666667 0.799625 0.011385416666666703 0.02118055555555544
1 0.5225885416666667 0.8696990740740741 0.009570312499999956 0.013805555555555552
1 0.5017317708333333 0.8533564814814815 0.011710937499999963 0.01715277777777777
1 0.489234375 0.9048240740740741 0.02753385416666676 0.15661111111111126
1 0.4533333333333333 0.7824305555555555 0.014348958333333384 0.026236111111111054
1 0.40594791666666663 0.8543055555555555 0.007291666666666696 0.012171296296296319
1 0.36243749999999997 0.8064861111111111 0.008414062499999986 0.015171296296296235
1 0.3430520833333333 0.7448611111111111 0.005684895833333314 0.010282407407407292
1 0.243 0.8511527777777778 0.00705468749999999 0.014611111111111007
1 0.0204765625 0.8524166666666667 0.0105546875 0.017490740740740703
0 0.20949479166666668 0.27768981481481475 0.009520833333333312 0.016759259259259213
1 0.49490104166666665 0.5720555555555555 0.008903645833333362 0.017787037037036966
1 0.5556249999999999 0.5245185185185186 0.010510416666666744 0.017916666666666754
1 0.6414192708333334 0.4897592592592593 0.009278645833333377 0.018726851851851793
1 0.6314817708333333 0.3627314814814815 0.014588541666666677 0.027305555555555472
1 0.6757786458333332 0.44685185185185183 0.030234375000000036 0.09605092592592593
1 0.7889791666666666 0.32915277777777774 0.007830729166666606 0.015726851851851877
1 0.8097994791666667 0.4116203703703703 0.008656250000000032 0.01598611111111106