1 0.7390364583333333 0.1874675925925926 0.018236979166666778 0.03241666666666666
1 0.6001901041666666 0.2526712962962963 0.009757812499999963 0.016930555555555574
1 0.5462916666666667 0.200375 0.011385416666666703 0.021180555555555536
1 0.5225885416666667 0.1303009259259259 0.009570312499999956 0.013805555555555552
1 0.5017317708333333 0.14664351851851853 0.011710937499999963 0.01715277777777777
1 0.489234375 0.09517592592592591 0.02753385416666676 0.15661111111111112
1 0.4533333333333333 0.21756944444444443 0.014348958333333384 0.02623611111111115
1 0.40594791666666663 0.14569444444444446 0.007291666666666696 0.012171296296296319
1 0.36243749999999997 0.19351388888888887 0.008414062499999986 0.015171296296296285
1 0.3430520833333333 0.2551388888888889 0.005684895833333314 0.010282407407407391
1 0.243 0.14884722222222221 0.00705468749999999 0.014611111111111106
1 0.0204765625 0.14758333333333332 0.0105546875 0.01749074074074075
0 0.20949479166666668 0.7223101851851852 0.009520833333333312 0.016759259259259213
1 0.49490104166666665 0.42794444444444446 0.008903645833333362 0.017787037037037063
1 0.5556249999999999 0.4754814814814814 0.010510416666666744 0.017916666666666754
1 0.6414192708333334 0.5102407407407408 0.009278645833333377 0.018726851851851793
1 0.6314817708333333 0.6372685185185185 0.014588541666666677 0.027305555555555472
1 0.6757786458333332 0.5531481481481482 0.030234375000000036 0.09605092592592593
1 0.7889791666666666 0.6708472222222223 0.007830729166666606 0.015726851851851877
1 0.8097994791666667 0.5883796296296296 0.008656250000000032 0.01598611111111106