1 0.7389609375 0.1844861111111111 0.0184322916666666 0.031175925925925933
1 0.6021484375 0.253412037037037 0.015015624999999977 0.028638888888888856
1 0.54503125 0.19994444444444442 0.013994791666666728 0.026574074074074083
1 0.5207135416666666 0.12942129629629628 0.012932291666666762 0.019152777777777796
1 0.5014192708333334 0.1441296296296296 0.012398437499999915 0.019810185185185167
1 0.4916666666666666 0.09390277777777778 0.022388020833333355 0.15784722222222222
1 0.455453125 0.21652777777777776 0.016562500000000036 0.030986111111111134
1 0.40570833333333334 0.14445833333333333 0.010312499999999947 0.015393518518518532
1 0.49436197916666663 0.4273888888888889 0.01065364583333328 0.02646759259259262
1 0.5544661458333333 0.47489351851851846 0.010984375000000046 0.01999999999999997
1 0.644203125 0.511824074074074 0.014442708333333387 0.01943055555555557
1 0.67565625 0.5515231481481481 0.029781250000000092 0.107287037037037
1 0.7906588541666667 0.6736342592592592 0.01336979166666663 0.016611111111111083
1 0.809796875 0.5855416666666666 0.007877604166666607 0.01802314814814822
1 0.6333645833333333 0.6369861111111111 0.011796874999999929 0.027888888888888828
1 0.36320833333333336 0.19050462962962963 0.006182291666666617 0.016148148148148148
1 0.34267187499999996 0.254212962962963 0.015533854166666639 0.018402777777777816
1 0.24341927083333334 0.14920370370370367 0.012072916666666655 0.019814814814814802
1 0.022875 0.14610648148148148 0.014343750000000002 0.02037962962962962
0 0.20908593749999999 0.7197777777777777 0.010953125000000008 0.017564814814814866