1 0.7389609375 0.8155138888888889 0.0184322916666666 0.031175925925925836
1 0.6021484375 0.746587962962963 0.015015624999999977 0.028638888888888856
1 0.54503125 0.8000555555555555 0.013994791666666728 0.026574074074073986
1 0.5207135416666666 0.8705787037037037 0.012932291666666762 0.019152777777777845
1 0.5014192708333334 0.8558703703703704 0.012398437499999915 0.019810185185185167
1 0.4916666666666666 0.9060972222222223 0.022388020833333355 0.15784722222222236
1 0.455453125 0.7834722222222221 0.016562500000000036 0.030986111111111034
1 0.40570833333333334 0.8555416666666668 0.010312499999999947 0.015393518518518532
1 0.49436197916666663 0.5726111111111112 0.01065364583333328 0.02646759259259272
1 0.5544661458333333 0.5251064814814815 0.010984375000000046 0.01999999999999997
1 0.644203125 0.48817592592592596 0.014442708333333387 0.01943055555555557
1 0.67565625 0.4484768518518519 0.029781250000000092 0.107287037037037
1 0.7906588541666667 0.32636574074074076 0.01336979166666663 0.016611111111111083
1 0.809796875 0.4144583333333334 0.007877604166666607 0.01802314814814822
1 0.6333645833333333 0.3630138888888889 0.011796874999999929 0.027888888888888828
1 0.36320833333333336 0.8094953703703704 0.006182291666666617 0.016148148148148148
1 0.34267187499999996 0.745787037037037 0.015533854166666639 0.018402777777777816
1 0.24341927083333334 0.8507962962962963 0.012072916666666655 0.019814814814814754
1 0.022875 0.8538935185185186 0.014343750000000002 0.020379629629629567
0 0.20908593749999999 0.28022222222222226 0.010953125000000008 0.017564814814814866