1 0.023619791666666667 0.8497407407407408 0.016390624999999992 0.023995370370370337
1 0.24266927083333334 0.8518333333333333 0.006838541666666642 0.011953703703703609
1 0.4060520833333333 0.8543055555555555 0.009505208333333348 0.018546296296296363
1 0.4527083333333333 0.7830046296296297 0.013330729166666666 0.025962962962962917
1 0.49542447916666665 0.5717824074074075 0.011591145833333316 0.021430555555555644
1 0.5459635416666666 0.7994907407407408 0.012518229166666561 0.021842592592592542
1 0.5555260416666666 0.5256203703703703 0.012171874999999943 0.01895833333333326
1 0.642578125 0.4902824074074074 0.011013020833333442 0.017930555555555512
1 0.6782213541666666 0.4496851851851852 0.04288802083333332 0.08923148148148148
1 0.7411640625 0.8120601851851852 0.021791666666666654 0.03297222222222215
1 0.8109453125 0.41073611111111114 0.009736979166666604 0.01545370370370374
1 0.7910078125 0.3275879629629629 0.013908854166666762 0.01772222222222217
1 0.6325520833333333 0.36025 0.016460937499999995 0.023287037037036978
1 0.5232421875 0.8706898148148148 0.008346354166666625 0.013805555555555552
1 0.5028411458333334 0.8532777777777778 0.011591145833333316 0.019782407407407457
1 0.3641484375 0.8059814814814815 0.011476562499999954 0.01545370370370374
0 0.20931510416666665 0.2804722222222222 0.008898437500000023 0.01969444444444453