1 0.023619791666666667 0.15025925925925926 0.016390624999999992 0.023995370370370386
1 0.24266927083333334 0.14816666666666667 0.006838541666666642 0.011953703703703708
1 0.4060520833333333 0.14569444444444446 0.009505208333333348 0.018546296296296314
1 0.4527083333333333 0.21699537037037034 0.013330729166666666 0.025962962962962917
1 0.49542447916666665 0.4282175925925926 0.011591145833333316 0.021430555555555546
1 0.5459635416666666 0.20050925925925928 0.012518229166666561 0.021842592592592594
1 0.5555260416666666 0.4743796296296297 0.012171874999999943 0.01895833333333326
1 0.642578125 0.5097175925925925 0.011013020833333442 0.017930555555555512
1 0.6782213541666666 0.5503148148148148 0.04288802083333332 0.08923148148148148
1 0.7411640625 0.1879398148148148 0.021791666666666654 0.03297222222222221
1 0.8109453125 0.5892638888888889 0.009736979166666604 0.01545370370370374
1 0.7910078125 0.6724120370370371 0.013908854166666762 0.01772222222222217
1 0.6325520833333333 0.6397499999999999 0.016460937499999995 0.023287037037036978
1 0.5232421875 0.12931018518518517 0.008346354166666625 0.013805555555555552
1 0.5028411458333334 0.14672222222222223 0.011591145833333316 0.019782407407407405
1 0.3641484375 0.1940185185185185 0.011476562499999954 0.015453703703703692
0 0.20931510416666665 0.7195277777777779 0.008898437500000023 0.01969444444444453