1 0.022828124999999998 0.15108796296296298 0.015218750000000001 0.02400462962962961
0 0.20925 0.7199953703703703 0.00782291666666668 0.014861111111111016
1 0.24252604166666666 0.14803703703703705 0.007929687500000004 0.01333796296296298
1 0.36405729166666667 0.19519444444444445 0.008359374999999947 0.014671296296296314
1 0.40590885416666667 0.1456574074074074 0.006752604166666676 0.015430555555555565
1 0.45322395833333334 0.21719907407407404 0.012645833333333356 0.026671296296296276
1 0.4949140624999999 0.42744444444444446 0.010716145833333302 0.019624999999999955
1 0.5030052083333333 0.14689351851851853 0.01103906250000003 0.02095833333333334
1 0.5228854166666667 0.12974999999999998 0.007502604166666593 0.01333796296296298
1 0.5464635416666667 0.2017685185185185 0.010072916666666654 0.01638425925925925
1 0.6006901041666667 0.25463888888888886 0.007929687499999893 0.017717592592592583
1 0.5547682291666667 0.47459722222222234 0.008679687499999922 0.017907407407407386
1 0.6425416666666667 0.5112731481481481 0.010182291666666732 0.018101851851851772
1 0.631984375 0.6409259259259259 0.016505208333333243 0.019050925925925968
1 0.67715625 0.5541435185185185 0.03740364583333333 0.09849999999999998
1 0.7401197916666666 0.1869074074074074 0.015861979166666762 0.025532407407407427
1 0.8100468749999999 0.5877685185185185 0.007395833333333268 0.01409722222222223
1 0.7907578125000001 0.6729351851851851 0.009109374999999975 0.016768518518518585