1 0.022828124999999998 0.8489120370370371 0.015218750000000003 0.024004629629629508
0 0.20925 0.28000462962962963 0.00782291666666668 0.014861111111111016
1 0.24252604166666666 0.8519629629629629 0.007929687500000004 0.01333796296296303
1 0.36405729166666667 0.8048055555555556 0.008359374999999947 0.014671296296296217
1 0.40590885416666667 0.8543425925925926 0.006752604166666676 0.015430555555555614
1 0.45322395833333334 0.7828009259259259 0.012645833333333356 0.026671296296296276
1 0.4949140624999999 0.5725555555555556 0.010716145833333357 0.019624999999999955
1 0.5030052083333333 0.8531064814814814 0.011039062500000085 0.02095833333333334
1 0.5228854166666667 0.87025 0.007502604166666593 0.01333796296296303
1 0.5464635416666667 0.7982314814814815 0.010072916666666654 0.0163842592592592
1 0.6006901041666667 0.745361111111111 0.007929687499999893 0.017717592592592583
1 0.5547682291666667 0.5254027777777777 0.008679687499999922 0.017907407407407386
1 0.6425416666666667 0.48872685185185194 0.010182291666666732 0.018101851851851772
1 0.631984375 0.35907407407407405 0.016505208333333243 0.019050925925925968
1 0.67715625 0.4458564814814815 0.03740364583333333 0.09849999999999998
1 0.7401197916666666 0.8130925925925925 0.015861979166666762 0.025532407407407476
1 0.8100468749999999 0.4122314814814815 0.007395833333333268 0.01409722222222223
1 0.7907578125000001 0.32706481481481486 0.009109374999999975 0.016768518518518585