1 0.024424479166666666 0.15030555555555558 0.016283854166666663 0.024495370370370355
1 0.2426796875 0.1480787037037037 0.00855989583333333 0.017069444444444432
1 0.40634635416666665 0.14492592592592593 0.007723958333333281 0.015217592592592588
1 0.5025833333333334 0.14696296296296296 0.013151041666666696 0.026722222222222217
1 0.5229374999999999 0.13044907407407408 0.007932291666666647 0.017444444444444446
1 0.5457968750000001 0.20003703703703704 0.008559895833333275 0.017069444444444432
1 0.45269010416666666 0.21562500000000004 0.012734374999999964 0.02449537037037038
1 0.5997604166666667 0.25366203703703705 0.008768229166666641 0.018925925925925964
1 0.49423437499999995 0.4269768518518518 0.009812500000000002 0.019671296296296308
1 0.5555026041666666 0.47503703703703704 0.008768229166666641 0.020782407407407492
1 0.6426588541666667 0.5121527777777778 0.012734374999999964 0.020782407407407492
1 0.6766875 0.5503796296296296 0.04237760416666658 0.08387500000000002
1 0.6323255208333334 0.6409305555555557 0.01962239583333325 0.033402777777777795
1 0.7903567708333332 0.6722916666666667 0.00835156249999991 0.017444444444444446
1 0.8106041666666666 0.5886018518518519 0.009601562500000105 0.017814814814814877
1 0.7399401041666667 0.1855601851851852 0.016908854166666654 0.031175925925925933
1 0.36459375 0.19428240740740738 0.010229166666666623 0.020412037037037017
0 0.20886197916666666 0.7196111111111111 0.00855989583333333 0.015587962962962918