1 0.7393541666666666 0.1878148148148148 0.01993749999999994 0.0346990740740741
1 0.6010130208333333 0.2526574074074074 0.010914062499999932 0.02021759259259258
1 0.5460312500000001 0.20125 0.01377343750000004 0.020310185185185188
1 0.5231067708333333 0.13141666666666665 0.009940104166666686 0.02219444444444443
1 0.5024713541666667 0.14825000000000002 0.01627083333333329 0.024513888888888898
1 0.4528385416666667 0.21761574074074075 0.013666666666666716 0.025874999999999995
1 0.4067942708333333 0.14718981481481483 0.009427083333333308 0.01351851851851851
1 0.3630130208333333 0.1933287037037037 0.008536458333333385 0.016476851851851857
1 0.3430963541666667 0.25499074074074074 0.0069010416666667185 0.014439814814814846
1 0.24294531249999998 0.1496111111111111 0.008742187499999998 0.01627314814814815
1 0.0225390625 0.14772685185185186 0.016572916666666666 0.01772222222222222
0 0.21016666666666664 0.7231712962962962 0.01516406250000002 0.023148148148148213
1 0.49528125 0.4273888888888889 0.011875000000000024 0.020768518518518537
1 0.5552265625 0.4734722222222223 0.01101041666666669 0.0178703703703703
1 0.6419921875 0.5097870370370371 0.011195312499999943 0.018939814814814722
1 0.6770234374999999 0.5541111111111111 0.029546875000000083 0.09662037037037033
1 0.6320338541666667 0.6387175925925926 0.015958333333333297 0.021902777777777754
1 0.7901302083333333 0.6723472222222222 0.009546875000000066 0.017606481481481535
1 0.8098020833333333 0.5882685185185186 0.00775520833333343 0.013981481481481397