1 0.7393541666666666 0.8121851851851852 0.01993749999999994 0.0346990740740741
1 0.6010130208333333 0.7473425925925926 0.010914062499999932 0.02021759259259268
1 0.5460312500000001 0.79875 0.01377343750000004 0.020310185185185188
1 0.5231067708333333 0.8685833333333333 0.009940104166666686 0.02219444444444443
1 0.5024713541666667 0.85175 0.016270833333333234 0.024513888888888898
1 0.4528385416666667 0.7823842592592593 0.013666666666666716 0.025874999999999995
1 0.4067942708333333 0.8528101851851851 0.009427083333333308 0.013518518518518461
1 0.3630130208333333 0.8066712962962963 0.008536458333333385 0.016476851851851906
1 0.3430963541666667 0.7450092592592593 0.0069010416666667185 0.014439814814814747
1 0.24294531249999998 0.8503888888888889 0.008742187499999998 0.01627314814814815
1 0.0225390625 0.8522731481481481 0.016572916666666666 0.01772222222222217
0 0.21016666666666664 0.27682870370370377 0.01516406250000002 0.023148148148148213
1 0.49528125 0.5726111111111112 0.01187500000000008 0.020768518518518537
1 0.5552265625 0.5265277777777777 0.01101041666666669 0.0178703703703703
1 0.6419921875 0.49021296296296296 0.011195312499999943 0.018939814814814722
1 0.6770234374999999 0.4458888888888889 0.029546875000000083 0.09662037037037033
1 0.6320338541666667 0.36128240740740736 0.015958333333333297 0.021902777777777754
1 0.7901302083333333 0.3276527777777778 0.009546875000000066 0.017606481481481535
1 0.8098020833333333 0.4117314814814815 0.00775520833333343 0.013981481481481397