1 0.024302083333333332 0.15074074074074073 0.015848958333333336 0.025356481481481483
0 0.20841145833333333 0.7184722222222223 0.007924479166666665 0.015027777777777689
1 0.24208854166666666 0.1472175925925926 0.006604166666666689 0.016435185185185188
1 0.36187760416666664 0.1915925925925926 0.00845312499999995 0.020662037037037024
1 0.40585937499999997 0.14792129629629627 0.008716145833333355 0.015967592592592617
1 0.4540651041666666 0.2174212962962963 0.015320312499999988 0.02723611111111109
1 0.49536458333333333 0.42617129629629624 0.010065104166666616 0.019356481481481502
1 0.5021276041666667 0.14606481481481481 0.009734375000000017 0.02111574074074074
1 0.5221744791666667 0.1299351851851852 0.00825000000000009 0.011143518518518518
1 0.5465104166666667 0.1991527777777778 0.008083333333333442 0.019356481481481502
1 0.6002942708333333 0.25326851851851845 0.007424479166666664 0.014958333333333308
1 0.7392942708333333 0.1859537037037037 0.01682812499999997 0.028157407407407426
1 0.6313932291666667 0.6394027777777778 0.01748958333333328 0.0246388888888889
1 0.8091640625 0.5888101851851851 0.008083333333333442 0.01378703703703701
1 0.7896145833333333 0.6724027777777778 0.008578125000000103 0.015546296296296249
1 0.6794036458333332 0.552587962962963 0.04223697916666658 0.10324537037037038
1 0.642859375 0.5116712962962963 0.010723958333333394 0.021412037037037104
1 0.5556666666666668 0.47471296296296306 0.009898437499999968 0.020236111111111024