1 0.7391875 0.1892685185185185 0.020174479166666703 0.03137037037037037
1 0.60109375 0.25431018518518517 0.00946354166666663 0.0154351851851852
1 0.5467291666666667 0.2006388888888889 0.01220052083333334 0.01865277777777778
1 0.5242447916666666 0.13068981481481481 0.011526041666666709 0.014861111111111115
1 0.5020442708333333 0.14633333333333332 0.009955729166666705 0.020074074074074084
1 0.49118229166666666 0.09894444444444445 0.025486979166666646 0.1385925925925926
1 0.45340885416666665 0.21819444444444447 0.01564583333333336 0.027171296296296294
1 0.40557031250000003 0.1473611111111111 0.007971354166666722 0.01587500000000001
1 0.3632604166666667 0.1940925925925926 0.007830729166666717 0.01337962962962965
1 0.34453125 0.25645370370370374 0.0061640625000000115 0.010337962962962917
1 0.24255208333333333 0.14963425925925924 0.009302083333333322 0.016249999999999973
1 0.020098958333333333 0.14643518518518517 0.009687500000000002 0.015060185185185185
0 0.20957812499999998 0.7218981481481481 0.009945312500000025 0.014013888888888893
1 0.4943984375 0.4293148148148148 0.009919270833333327 0.02178240740740743
1 0.5548020833333334 0.47268518518518515 0.008109375000000085 0.02195370370370379
1 0.6422317708333334 0.5101296296296297 0.007255208333333263 0.01862037037037033
1 0.6310416666666666 0.6383009259259259 0.01626562499999995 0.026731481481481485
1 0.6753750000000001 0.5536759259259258 0.03159635416666662 0.09632407407407406
1 0.7906979166666667 0.6712268518518518 0.010554687499999993 0.015402777777777703
1 0.8096380208333334 0.5883287037037036 0.008539062499999917 0.01491666666666664