1 0.7401901041666666 0.812875 0.01701562499999998 0.02890277777777782
1 0.5998229166666667 0.7461157407407407 0.00887760416666672 0.020601851851851864
1 0.5457109375 0.7999861111111112 0.013179687500000092 0.020865740740740633
1 0.5205703125 0.870712962962963 0.014140625000000018 0.019356481481481405
1 0.50134375 0.8538055555555556 0.012669270833333357 0.02311111111111113
1 0.4539401041666667 0.7816759259259259 0.012950520833333368 0.02180555555555546
1 0.49428385416666665 0.5702314814814815 0.010937500000000044 0.020180555555555597
1 0.5544010416666667 0.5252546296296297 0.010481770833333348 0.01996759259259267
1 0.640875 0.49142129629629633 0.010151041666666583 0.01907870370370368
1 0.6750729166666667 0.45019907407407417 0.030999999999999917 0.08555092592592592
1 0.6310703125 0.3602962962962963 0.01801562500000009 0.026805555555555652
1 0.7893854166666666 0.32745370370370375 0.010804687500000076 0.01642129629629628
1 0.8108723958333334 0.4146388888888889 0.008343750000000094 0.01862037037037033
1 0.40550260416666667 0.8539907407407408 0.011700520833333283 0.014291666666666616
1 0.3636302083333333 0.8052083333333333 0.010895833333333327 0.01793981481481488
1 0.3455364583333333 0.7438472222222222 0.010098958333333297 0.02044444444444456
1 0.24266666666666667 0.8492453703703704 0.010924479166666667 0.025666666666666654
1 0.021872395833333332 0.8518009259259259 0.0152109375 0.01585185185185188
0 0.20830729166666664 0.2807824074074074 0.00929947916666668 0.021481481481481483