1 0.7401901041666666 0.18712499999999999 0.01701562499999998 0.02890277777777777
1 0.5998229166666667 0.2538842592592593 0.00887760416666672 0.020601851851851864
1 0.5457109375 0.20001388888888885 0.013179687500000092 0.02086574074074073
1 0.5205703125 0.12928703703703703 0.014140625000000018 0.019356481481481502
1 0.50134375 0.14619444444444443 0.012669270833333357 0.02311111111111113
1 0.4539401041666667 0.21832407407407406 0.012950520833333368 0.02180555555555556
1 0.49428385416666665 0.4297685185185185 0.010937500000000044 0.020180555555555597
1 0.5544010416666667 0.47474537037037035 0.010481770833333348 0.01996759259259267
1 0.640875 0.5085787037037037 0.010151041666666583 0.01907870370370368
1 0.6750729166666667 0.5498009259259259 0.030999999999999917 0.08555092592592592
1 0.6310703125 0.6397037037037037 0.01801562500000009 0.026805555555555652
1 0.7893854166666666 0.6725462962962963 0.010804687500000076 0.01642129629629628
1 0.8108723958333334 0.5853611111111111 0.008343750000000094 0.01862037037037033
1 0.40550260416666667 0.14600925925925926 0.011700520833333283 0.014291666666666666
1 0.3636302083333333 0.19479166666666667 0.010895833333333327 0.017939814814814832
1 0.3455364583333333 0.25615277777777773 0.010098958333333297 0.020444444444444463
1 0.24266666666666667 0.15075462962962963 0.010924479166666667 0.025666666666666654
1 0.021872395833333332 0.14819907407407407 0.0152109375 0.015851851851851832
0 0.20830729166666664 0.7192175925925927 0.00929947916666668 0.021481481481481483