1 0.7395703124999999 0.8111018518518518 0.02034114583333335 0.032861111111111105
1 0.5998489583333333 0.7481388888888889 0.013950520833333258 0.020736111111111042
1 0.5443802083333333 0.7998657407407408 0.014908854166666652 0.02193518518518525
1 0.5551796874999999 0.525337962962963 0.011872395833333327 0.015046296296296231
1 0.6420208333333334 0.49074074074074076 0.008947916666666611 0.015949074074073977
1 0.6301692708333333 0.36454166666666665 0.017807291666666725 0.03157407407407417
1 0.6783411458333333 0.4464166666666667 0.03653906249999994 0.10543055555555547
1 0.7910234375 0.32652314814814815 0.013023437500000012 0.018546296296296363
1 0.8097369791666666 0.41206481481481483 0.009947916666666723 0.01595370370370376
1 0.49541145833333333 0.5735277777777777 0.010072916666666654 0.02035648148148144
1 0.4527265625 0.785537037037037 0.012382812499999951 0.02461111111111099
1 0.5017317708333333 0.853388888888889 0.012278645833333268 0.021768518518518576
1 0.5230729166666667 0.8716805555555555 0.00903645833333333 0.014884259259259144
1 0.4057135416666667 0.8544027777777777 0.008960937500000044 0.018263888888888857
1 0.3635677083333333 0.8059490740740741 0.009841145833333287 0.01570370370370375
1 0.34403385416666665 0.7454166666666667 0.006679687500000031 0.015041666666666644
1 0.24250520833333333 0.8506296296296296 0.008205729166666675 0.014671296296296217
1 0.022044270833333334 0.850837962962963 0.01360677083333333 0.020199074074074137
0 0.2091484375 0.27854166666666674 0.014140625000000018 0.020236111111111024