1 0.7395703124999999 0.18889814814814812 0.02034114583333335 0.032861111111111105
1 0.5998489583333333 0.2518611111111111 0.013950520833333258 0.02073611111111114
1 0.5443802083333333 0.20013425925925926 0.014908854166666652 0.0219351851851852
1 0.5551796874999999 0.474662037037037 0.011872395833333327 0.015046296296296231
1 0.6420208333333334 0.5092592592592592 0.008947916666666611 0.015949074074073977
1 0.6301692708333333 0.6354583333333333 0.017807291666666725 0.03157407407407417
1 0.6783411458333333 0.5535833333333333 0.03653906249999994 0.10543055555555547
1 0.7910234375 0.6734768518518518 0.013023437500000012 0.018546296296296363
1 0.8097369791666666 0.5879351851851852 0.009947916666666723 0.01595370370370376
1 0.49541145833333333 0.4264722222222222 0.010072916666666654 0.02035648148148144
1 0.4527265625 0.21446296296296297 0.012382812499999951 0.02461111111111109
1 0.5017317708333333 0.14661111111111114 0.012278645833333324 0.021768518518518527
1 0.5230729166666667 0.12831944444444446 0.00903645833333333 0.014884259259259243
1 0.4057135416666667 0.14559722222222224 0.008960937500000044 0.018263888888888906
1 0.3635677083333333 0.1940509259259259 0.009841145833333287 0.015703703703703702
1 0.34403385416666665 0.25458333333333333 0.006679687500000031 0.015041666666666644
1 0.24250520833333333 0.14937037037037035 0.008205729166666675 0.014671296296296314
1 0.022044270833333334 0.14916203703703704 0.013606770833333332 0.020199074074074088
0 0.2091484375 0.7214583333333332 0.014140625000000018 0.020236111111111024