1 0.7389973958333333 0.8112777777777778 0.019450520833333318 0.03386111111111115
1 0.6008151041666667 0.7489305555555555 0.010075520833333407 0.01902777777777784
1 0.5451822916666667 0.7990092592592593 0.012526041666666599 0.027634259259259233
1 0.5220052083333333 0.8707592592592592 0.00942968749999995 0.014879629629629557
1 0.501796875 0.8545879629629629 0.014130208333333227 0.025254629629629557
1 0.4540651041666666 0.7835092592592593 0.011369791666666629 0.023481481481481364
1 0.49571875 0.5717314814814816 0.011861979166666758 0.024027777777777832
1 0.5553463541666667 0.5261990740740741 0.009369791666666627 0.01841203703703699
1 0.6427239583333333 0.4918657407407408 0.010455729166666705 0.015662037037037082
1 0.6303776041666667 0.36441203703703706 0.01728645833333342 0.02336111111111114
1 0.6741614583333334 0.448675925925926 0.030690104166666732 0.09544907407407403
1 0.7898151041666667 0.3280648148148148 0.012312499999999948 0.020245370370370393
1 0.8105729166666666 0.4131805555555556 0.009950520833333254 0.015916666666666676
1 0.24278385416666665 0.8492129629629629 0.012153645833333337 0.021722222222222125
1 0.362609375 0.8058749999999999 0.01015885416666662 0.020499999999999987
1 0.34310416666666665 0.7461805555555556 0.010703125000000036 0.014638888888888917
1 0.40621875 0.8547638888888889 0.010856770833333362 0.019402777777777856
1 0.021890625 0.8523888888888889 0.014729166666666668 0.02525925925925934
0 0.20890104166666665 0.28252777777777777 0.012992187499999974 0.019023148148148056