1 0.7389973958333333 0.1887222222222222 0.019450520833333318 0.03386111111111109
1 0.6008151041666667 0.2510694444444444 0.010075520833333407 0.01902777777777774
1 0.5451822916666667 0.20099074074074072 0.012526041666666599 0.027634259259259282
1 0.5220052083333333 0.12924074074074074 0.00942968749999995 0.014879629629629607
1 0.501796875 0.145412037037037 0.014130208333333227 0.025254629629629606
1 0.4540651041666666 0.21649074074074073 0.011369791666666629 0.02348148148148146
1 0.49571875 0.4282685185185185 0.011861979166666758 0.024027777777777735
1 0.5553463541666667 0.47380092592592593 0.009369791666666627 0.01841203703703699
1 0.6427239583333333 0.5081342592592591 0.010455729166666705 0.015662037037037082
1 0.6303776041666667 0.6355879629629629 0.01728645833333342 0.02336111111111114
1 0.6741614583333334 0.551324074074074 0.030690104166666732 0.09544907407407403
1 0.7898151041666667 0.6719351851851852 0.012312499999999948 0.020245370370370393
1 0.8105729166666666 0.5868194444444444 0.009950520833333254 0.015916666666666676
1 0.24278385416666665 0.15078703703703702 0.012153645833333337 0.021722222222222223
1 0.362609375 0.194125 0.01015885416666662 0.020499999999999987
1 0.34310416666666665 0.25381944444444443 0.010703125000000036 0.014638888888888917
1 0.40621875 0.1452361111111111 0.010856770833333362 0.019402777777777755
1 0.021890625 0.14761111111111108 0.014729166666666668 0.02525925925925924
0 0.20890104166666665 0.7174722222222223 0.012992187499999974 0.019023148148148056