1 0.7367291666666667 0.19351388888888887 0.020848958333333334 0.033129629629629655
1 0.5990755208333333 0.25337499999999996 0.00970833333333343 0.022587962962962987
1 0.5468828125 0.2010648148148148 0.012658854166666567 0.02310185185185186
1 0.4552083333333333 0.21493518518518517 0.013135416666666622 0.0245601851851852
1 0.5235963541666666 0.13454166666666667 0.008510416666666742 0.020310185185185188
1 0.5044192708333334 0.14666666666666667 0.012578125000000051 0.02399074074074075
1 0.4095130208333333 0.1441898148148148 0.012375000000000025 0.021324074074074082
1 0.4968125 0.4245138888888889 0.012789062500000004 0.02436111111111108
1 0.556453125 0.48024999999999995 0.009947916666666723 0.016995370370370466
1 0.6420026041666667 0.5118287037037037 0.00814843750000005 0.017310185185185272
0 0.6322708333333333 0.6353703703703704 0.017609374999999927 0.030138888888888913
1 0.6734661458333333 0.5500833333333334 0.04022656250000001 0.11437962962962958
1 0.7870833333333334 0.6733611111111111 0.01229166666666659 0.02271296296296299
1 0.8062083333333333 0.5893148148148148 0.012617187500000071 0.016875000000000046
1 0.2398828125 0.14193055555555556 0.011200520833333338 0.022527777777777775
1 0.34302083333333333 0.2515601851851852 0.00922656249999998 0.017824074074074048
1 0.3631979166666667 0.19236574074074075 0.011015624999999973 0.019412037037037026
1 0.0574375 0.1091111111111111 0.012031249999999993 0.01858796296296297
1 0.20909114583333333 0.7182083333333333 0.015177083333333341 0.02328240740740739