1 0.7367291666666667 0.8064861111111111 0.020848958333333334 0.033129629629629655
1 0.5990755208333333 0.7466250000000001 0.00970833333333343 0.022587962962962987
1 0.5468828125 0.7989351851851851 0.012658854166666567 0.02310185185185196
1 0.4552083333333333 0.7850648148148148 0.013135416666666622 0.02456018518518515
1 0.5235963541666666 0.8654583333333333 0.008510416666666742 0.020310185185185188
1 0.5044192708333334 0.8533333333333333 0.012578125000000107 0.02399074074074075
1 0.4095130208333333 0.8558101851851851 0.012375000000000025 0.02132407407407398
1 0.4968125 0.5754861111111111 0.012789062500000004 0.024361111111110983
1 0.556453125 0.51975 0.009947916666666723 0.016995370370370466
1 0.6420026041666667 0.4881712962962963 0.00814843750000005 0.017310185185185272
0 0.6322708333333333 0.3646296296296296 0.017609374999999927 0.030138888888888913
1 0.6734661458333333 0.44991666666666663 0.04022656250000001 0.11437962962962958
1 0.7870833333333334 0.3266388888888889 0.01229166666666659 0.02271296296296299
1 0.8062083333333333 0.41068518518518515 0.012617187500000071 0.016875000000000046
1 0.2398828125 0.8580694444444444 0.011200520833333338 0.022527777777777775
1 0.34302083333333333 0.7484398148148148 0.00922656249999998 0.017824074074074048
1 0.3631979166666667 0.8076342592592592 0.011015624999999973 0.019412037037037026
1 0.0574375 0.890888888888889 0.012031249999999993 0.018587962962963032
1 0.20909114583333333 0.28179166666666666 0.015177083333333341 0.02328240740740739