1 0.7372578125 0.19551388888888888 0.019020833333333265 0.03277777777777777
1 0.6010703125 0.2566527777777778 0.009960937500000044 0.017199074074074023
1 0.5491744791666666 0.2035324074074074 0.008132812499999975 0.016550925925925924
1 0.5247161458333334 0.12997685185185184 0.008377604166666774 0.015509259259259266
1 0.5046302083333333 0.14750925925925926 0.014075520833333355 0.024763888888888905
1 0.49291145833333333 0.09324537037037037 0.023960937499999946 0.16437500000000002
1 0.4565078125 0.21838888888888888 0.016820312500000045 0.02749537037037037
1 0.4081822916666667 0.14384259259259258 0.009921874999999969 0.0168425925925926
1 0.364078125 0.19013425925925925 0.008820312500000038 0.01674537037037036
1 0.3425989583333333 0.2525787037037037 0.007770833333333282 0.013745370370370344
1 0.24138802083333333 0.1406851851851852 0.009929687500000006 0.018148148148148174
1 0.055966145833333335 0.10902314814814816 0.010955729166666664 0.01993981481481482
1 0.20961197916666666 0.7160324074074075 0.011710937500000018 0.022027777777777757
1 0.5561328125 0.4774305555555556 0.011161458333333263 0.017629629629629662
1 0.64384375 0.5131990740740741 0.007736979166666602 0.01583333333333334
1 0.6764791666666666 0.5573194444444444 0.031760416666666735 0.0970416666666666
0 0.63296875 0.6385694444444444 0.01931770833333335 0.01961574074074078
1 0.7865416666666667 0.6734861111111111 0.010351562499999911 0.015537037037037078
1 0.8057916666666666 0.5920000000000001 0.009255208333333265 0.016226851851851895
1 0.49790104166666665 0.42997685185185186 0.010510416666666633 0.02420370370370368