1 0.7372578125 0.8044861111111111 0.019020833333333265 0.03277777777777777
1 0.6010703125 0.7433472222222223 0.009960937500000044 0.017199074074074023
1 0.5491744791666666 0.7964675925925926 0.008132812499999975 0.016550925925925872
1 0.5247161458333334 0.8700231481481482 0.008377604166666774 0.015509259259259365
1 0.5046302083333333 0.8524907407407407 0.01407552083333341 0.024763888888888905
1 0.49291145833333333 0.9067546296296296 0.023960937499999946 0.1643750000000001
1 0.4565078125 0.781611111111111 0.016820312500000045 0.02749537037037047
1 0.4081822916666667 0.8561574074074074 0.009921874999999969 0.01684259259259255
1 0.364078125 0.8098657407407407 0.008820312500000038 0.016745370370370456
1 0.3425989583333333 0.7474212962962963 0.007770833333333282 0.013745370370370344
1 0.24138802083333333 0.8593148148148148 0.009929687500000006 0.018148148148148222
1 0.055966145833333335 0.8909768518518519 0.010955729166666664 0.019939814814814757
1 0.20961197916666666 0.2839675925925925 0.011710937500000018 0.022027777777777757
1 0.5561328125 0.5225694444444444 0.011161458333333263 0.017629629629629662
1 0.64384375 0.48680092592592594 0.007736979166666602 0.01583333333333334
1 0.6764791666666666 0.44268055555555563 0.031760416666666735 0.0970416666666666
0 0.63296875 0.3614305555555556 0.01931770833333335 0.01961574074074078
1 0.7865416666666667 0.3265138888888889 0.010351562499999911 0.015537037037037078
1 0.8057916666666666 0.408 0.009255208333333265 0.016226851851851895
1 0.49790104166666665 0.5700231481481483 0.010510416666666633 0.02420370370370368