1 0.7379557291666666 0.804675925925926 0.02016927083333342 0.0417824074074073
1 0.6008593750000001 0.7453240740740741 0.019411458333333353 0.028532407407407392
1 0.5475390625000001 0.7988240740740741 0.011729166666666568 0.03265277777777777
1 0.5047083333333333 0.8537361111111111 0.012007812500000048 0.029310185185185134
1 0.40906510416666664 0.860101851851852 0.010825520833333324 0.018893518518518466
1 0.2411484375 0.8626064814814814 0.01092708333333331 0.0161944444444444
1 0.45482552083333333 0.7852546296296297 0.017710937499999968 0.03895370370370364
1 0.5252916666666666 0.8697453703703704 0.01280729166666661 0.022750000000000072
1 0.3632708333333333 0.8099444444444445 0.015588541666666678 0.02660648148148148
1 0.3422161458333333 0.7504675925925925 0.009940104166666686 0.018245370370370512
1 0.49696874999999996 0.572361111111111 0.017359375000000066 0.027240740740740677
1 0.5554973958333334 0.5240092592592592 0.01462500000000011 0.03598148148148144
1 0.6428177083333333 0.4870370370370371 0.012187500000000018 0.028907407407407406
1 0.6779453125 0.44318518518518524 0.03165624999999994 0.09809259259259268
1 0.7879479166666666 0.32564814814814824 0.018591145833333433 0.02761574074074069
1 0.8062864583333332 0.40987962962962965 0.012299479166666627 0.021189814814814807
1 0.05688020833333332 0.8932777777777778 0.014789062500000005 0.03124074074074083
1 0.21034895833333334 0.2843842592592593 0.009200520833333337 0.020499999999999987
0 0.6335130208333334 0.3625416666666666 0.01697395833333326 0.023166666666666755