1 0.7379557291666666 0.19532407407407407 0.02016927083333342 0.0417824074074074
1 0.6008593750000001 0.2546759259259259 0.019411458333333353 0.028532407407407392
1 0.5475390625000001 0.20117592592592592 0.011729166666666568 0.03265277777777777
1 0.5047083333333333 0.1462638888888889 0.012007812500000048 0.029310185185185182
1 0.40906510416666664 0.13989814814814816 0.010825520833333324 0.018893518518518518
1 0.2411484375 0.13739351851851853 0.01092708333333331 0.01619444444444445
1 0.45482552083333333 0.2147453703703704 0.017710937499999968 0.03895370370370369
1 0.5252916666666666 0.13025462962962964 0.01280729166666661 0.022749999999999975
1 0.3632708333333333 0.19005555555555553 0.015588541666666678 0.02660648148148148
1 0.3422161458333333 0.24953240740740742 0.009940104166666686 0.018245370370370415
1 0.49696874999999996 0.4276388888888889 0.01735937500000001 0.027240740740740774
1 0.5554973958333334 0.4759907407407408 0.01462500000000011 0.03598148148148144
1 0.6428177083333333 0.512962962962963 0.012187500000000018 0.028907407407407406
1 0.6779453125 0.5568148148148148 0.03165624999999994 0.09809259259259268
1 0.7879479166666666 0.6743518518518518 0.018591145833333433 0.02761574074074069
1 0.8062864583333332 0.5901203703703704 0.012299479166666627 0.021189814814814807
1 0.05688020833333332 0.10672222222222222 0.014789062499999998 0.031240740740740753
1 0.21034895833333334 0.7156157407407407 0.009200520833333337 0.020499999999999987
0 0.6335130208333334 0.6374583333333335 0.01697395833333326 0.023166666666666755