1 0.7372630208333334 0.1962037037037037 0.02107812500000006 0.031018518518518532
1 0.6014765625 0.25579166666666664 0.011260416666666773 0.022148148148148177
1 0.5490598958333333 0.20125 0.014934895833333295 0.017416666666666684
1 0.5244505208333333 0.13144907407407408 0.012671874999999888 0.016009259259259237
1 0.5049895833333333 0.14633333333333332 0.012455729166666707 0.023217592592592595
1 0.4555416666666667 0.21556944444444442 0.014770833333333289 0.027439814814814795
1 0.40875260416666664 0.1443611111111111 0.010669270833333355 0.01757407407407409
1 0.36403125000000003 0.1905462962962963 0.012601562499999996 0.017449074074074082
1 0.34220833333333334 0.25072685185185184 0.00829427083333334 0.014282407407407445
1 0.24224739583333332 0.14191666666666666 0.01047916666666665 0.019453703703703695
1 0.49753385416666673 0.4292962962962963 0.010554687500000048 0.021703703703703683
1 0.5566510416666667 0.4747175925925926 0.008859374999999892 0.017791666666666747
1 0.6428307291666666 0.511912037037037 0.008932291666666758 0.021111111111111056
0 0.6332213541666667 0.6402777777777778 0.01827343749999999 0.030791666666666648
1 0.6737447916666666 0.555 0.038080729166666716 0.10108333333333341
1 0.7871302083333334 0.6740601851851852 0.008809895833333359 0.01825925925925927
1 0.8055520833333334 0.5913842592592593 0.010755208333333321 0.01816666666666676
1 0.057252604166666665 0.11189351851851852 0.012656250000000008 0.02371759259259258
1 0.21040364583333335 0.7180601851851852 0.012148437499999998 0.02271296296296299