1 0.7368072916666667 0.8064907407407407 0.018434895833333353 0.030837962962962904
1 0.6023671875000001 0.7432685185185185 0.013721354166666755 0.02245370370370381
1 0.5480182291666666 0.799162037037037 0.010432291666666593 0.020361111111111028
1 0.5242682291666667 0.8699398148148147 0.00792447916666661 0.015921296296296263
1 0.5050546875 0.8515 0.010635416666666675 0.019666666666666624
1 0.4938958333333333 0.9070462962962963 0.023666666666666725 0.15995833333333329
1 0.45546875 0.7849398148148148 0.016229166666666628 0.023662037037036992
1 0.4074348958333333 0.8570555555555556 0.010145833333333298 0.01426851851851849
1 0.36373958333333334 0.8107129629629629 0.006958333333333289 0.015537037037037078
1 0.3419557291666666 0.7488518518518519 0.008380208333333306 0.012425925925925915
1 0.24022916666666666 0.8603240740740741 0.009320312499999983 0.0214444444444444
1 0.497125 0.5717731481481481 0.008270833333333338 0.01921759259259264
1 0.556390625 0.5224166666666668 0.010463541666666742 0.020800925925925837
1 0.6429739583333334 0.4864212962962963 0.009450520833333309 0.017375000000000067
0 0.6335703125 0.3626990740740741 0.014421875000000028 0.02600925925925917
1 0.676640625 0.4437638888888889 0.031145833333333428 0.08784259259259268
1 0.7879713541666666 0.3239768518518518 0.012781249999999966 0.023467592592592606
1 0.8053645833333333 0.4081157407407407 0.01157291666666671 0.014013888888888893
1 0.21089322916666667 0.2831527777777778 0.01170833333333332 0.018268518518518444
1 0.05694791666666667 0.8950092592592593 0.014263020833333334 0.026342592592592712