1 0.7368072916666667 0.19350925925925927 0.018434895833333353 0.030837962962962952
1 0.6023671875000001 0.25673148148148145 0.013721354166666755 0.022453703703703712
1 0.5480182291666666 0.20083796296296297 0.010432291666666593 0.020361111111111125
1 0.5242682291666667 0.13006018518518517 0.00792447916666661 0.015921296296296312
1 0.5050546875 0.1485 0.010635416666666675 0.019666666666666673
1 0.4938958333333333 0.09295370370370369 0.02366666666666667 0.1599583333333333
1 0.45546875 0.21506018518518516 0.016229166666666628 0.023662037037037016
1 0.4074348958333333 0.14294444444444443 0.010145833333333298 0.014268518518518538
1 0.36373958333333334 0.18928703703703706 0.006958333333333289 0.015537037037037028
1 0.3419557291666666 0.2511481481481482 0.008380208333333306 0.012425925925925915
1 0.24022916666666666 0.13967592592592593 0.009320312499999983 0.02144444444444445
1 0.497125 0.4282268518518519 0.008270833333333338 0.019217592592592543
1 0.556390625 0.47758333333333325 0.010463541666666742 0.020800925925925837
1 0.6429739583333334 0.5135787037037036 0.009450520833333309 0.017375000000000067
0 0.6335703125 0.6373009259259259 0.014421875000000028 0.02600925925925917
1 0.676640625 0.5562361111111112 0.031145833333333428 0.08784259259259268
1 0.7879713541666666 0.6760231481481482 0.012781249999999966 0.023467592592592606
1 0.8053645833333333 0.5918842592592592 0.01157291666666671 0.014013888888888893
1 0.21089322916666667 0.7168472222222222 0.01170833333333332 0.018268518518518444
1 0.05694791666666667 0.10499074074074073 0.014263020833333334 0.026342592592592577