1 0.7382526041666666 0.8050694444444445 0.01803906249999998 0.032365740740740674
1 0.6015286458333333 0.744550925925926 0.010296875000000094 0.022277777777777768
1 0.547890625 0.7985324074074074 0.013893229166666687 0.020254629629629563
1 0.5249166666666667 0.868287037037037 0.010442708333333384 0.017944444444444468
1 0.5045494791666667 0.8517638888888889 0.01317708333333334 0.02059722222222228
1 0.4548984375 0.784375 0.012052083333333297 0.01991666666666663
1 0.4970989583333333 0.5715648148148148 0.013419270833333385 0.022657407407407366
1 0.55603125 0.5253981481481481 0.01552343749999996 0.028162037037036965
1 0.6439453125 0.4849722222222222 0.010145833333333298 0.018703703703703667
0 0.6340416666666666 0.3603472222222222 0.014757812500000078 0.0248287037037037
1 0.6772473958333334 0.44435648148148144 0.03474218750000002 0.09733333333333327
1 0.7870755208333333 0.32691203703703714 0.012135416666666732 0.023962962962963037
1 0.8058958333333333 0.40942592592592586 0.009236979166666659 0.014365740740740781
1 0.4077890625 0.8547824074074074 0.012591145833333317 0.020638888888888946
1 0.36492447916666665 0.8098472222222222 0.01038281249999995 0.017597222222222167
1 0.3433098958333333 0.7449907407407408 0.009643229166666711 0.0161944444444444
1 0.24231770833333333 0.8593657407407407 0.009382812500000004 0.020152777777777884
1 0.05688802083333333 0.8919768518518519 0.014132812500000008 0.020060185185185177
1 0.21028906249999998 0.2836157407407407 0.010778645833333322 0.0237222222222222