1 0.7382526041666666 0.19493055555555555 0.01803906249999998 0.03236574074074072
1 0.6015286458333333 0.2554490740740741 0.010296875000000094 0.022277777777777768
1 0.547890625 0.2014675925925926 0.013893229166666687 0.020254629629629612
1 0.5249166666666667 0.13171296296296295 0.010442708333333384 0.017944444444444416
1 0.5045494791666667 0.14823611111111112 0.01317708333333334 0.02059722222222223
1 0.4548984375 0.215625 0.012052083333333297 0.01991666666666668
1 0.4970989583333333 0.42843518518518514 0.013419270833333385 0.022657407407407366
1 0.55603125 0.4746018518518519 0.01552343749999996 0.028162037037036965
1 0.6439453125 0.5150277777777778 0.010145833333333298 0.018703703703703667
0 0.6340416666666666 0.6396527777777777 0.014757812500000078 0.0248287037037037
1 0.6772473958333334 0.5556435185185186 0.03474218750000002 0.09733333333333327
1 0.7870755208333333 0.6730879629629629 0.012135416666666732 0.023962962962963037
1 0.8058958333333333 0.5905740740740741 0.009236979166666659 0.014365740740740781
1 0.4077890625 0.1452175925925926 0.012591145833333317 0.020638888888888898
1 0.36492447916666665 0.19015277777777778 0.01038281249999995 0.017597222222222215
1 0.3433098958333333 0.25500925925925927 0.009643229166666711 0.0161944444444444
1 0.24231770833333333 0.14063425925925924 0.009382812500000004 0.020152777777777783
1 0.05688802083333333 0.10802314814814815 0.014132812500000008 0.020060185185185177
1 0.21028906249999998 0.7163842592592593 0.010778645833333322 0.0237222222222222