1 0.7371822916666667 0.19443055555555555 0.01752083333333343 0.031407407407407405
1 0.6016119791666666 0.25713425925925926 0.01065364583333328 0.019564814814814844
1 0.548734375 0.20356018518518518 0.013281249999999911 0.022611111111111113
1 0.5255859375 0.13079166666666667 0.009666666666666712 0.015648148148148126
1 0.5047135416666666 0.14783796296296295 0.010981770833333293 0.023347222222222234
1 0.49385677083333335 0.10239814814814814 0.021557291666666645 0.13768518518518516
1 0.4550651041666667 0.2164814814814815 0.01338020833333331 0.02469907407407406
1 0.4091770833333333 0.14351388888888889 0.010687499999999961 0.01667129629629629
1 0.36394791666666665 0.19224999999999998 0.008197916666666694 0.019124999999999986
1 0.342203125 0.2518194444444444 0.00590364583333336 0.012893518518518535
1 0.24175520833333333 0.14131018518518518 0.009520833333333312 0.020189814814814817
1 0.05703125 0.10760185185185184 0.011984375000000005 0.02074074074074075
1 0.2105078125 0.7164490740740741 0.007156249999999975 0.020333333333333314
1 0.49727083333333333 0.4286435185185185 0.009825520833333323 0.019462962962962967
1 0.5565729166666666 0.47664814814814815 0.010026041666666652 0.015828703703703755
1 0.6438489583333333 0.5133425925925925 0.00790364583333325 0.01795370370370364
1 0.6779244791666666 0.5582685185185184 0.028541666666666687 0.09460648148148149
0 0.6334140625 0.6403842592592592 0.017468749999999922 0.021287037037037097
1 0.7876848958333333 0.675537037037037 0.01088802083333329 0.017694444444444457
1 0.8056171875 0.5910972222222222 0.009263020833333302 0.01575462962962959