1 0.7375286458333333 0.8045555555555555 0.01822916666666674 0.030115740740740787
1 0.6004427083333332 0.7452731481481482 0.009252604166666734 0.01829166666666677
1 0.5476067708333333 0.797962962962963 0.008958333333333401 0.013111111111111148
1 0.5247630208333333 0.8697870370370371 0.009596354166666599 0.014944444444444352
1 0.5043880208333333 0.8537361111111111 0.011307291666666774 0.02096759259259251
1 0.4937447916666667 0.9071944444444444 0.02283072916666662 0.16110648148148166
1 0.40794010416666665 0.8555694444444444 0.009104166666666691 0.015925925925926048
1 0.45561979166666666 0.7818564814814815 0.014135416666666623 0.026106481481481463
1 0.4970130208333333 0.5711018518518518 0.01200000000000001 0.020763888888888953
1 0.5576380208333334 0.5240694444444445 0.010877604166666721 0.020810185185185206
1 0.6436328125 0.48774074074074075 0.008776041666666679 0.022106481481481508
0 0.6338125 0.36238425925925927 0.016158854166666625 0.018902777777777838
1 0.6762812500000001 0.44292592592592595 0.03161197916666669 0.10144444444444448
1 0.7878098958333334 0.32494907407407414 0.011479166666666707 0.016231481481481482
1 0.806125 0.40950462962962964 0.008736979166666714 0.014560185185185167
1 0.21023958333333334 0.2821111111111111 0.012070312500000013 0.023666666666666576
1 0.24139322916666667 0.8585231481481482 0.010684895833333319 0.019629629629629736
1 0.34257291666666667 0.7486712962962963 0.006528645833333346 0.014935185185185182
1 0.3636041666666667 0.810486111111111 0.010757812499999964 0.015509259259259167
1 0.05552083333333333 0.8919212962962964 0.01221875 0.018027777777777802