1 0.7375286458333333 0.19544444444444445 0.01822916666666674 0.030115740740740735
1 0.6004427083333332 0.25472685185185184 0.009252604166666734 0.018291666666666668
1 0.5476067708333333 0.20203703703703701 0.008958333333333401 0.013111111111111098
1 0.5247630208333333 0.13021296296296297 0.009596354166666599 0.014944444444444451
1 0.5043880208333333 0.1462638888888889 0.011307291666666774 0.020967592592592607
1 0.4937447916666667 0.09280555555555556 0.02283072916666662 0.1611064814814815
1 0.40794010416666665 0.14443055555555556 0.009104166666666691 0.015925925925925948
1 0.45561979166666666 0.21814351851851851 0.014135416666666623 0.026106481481481463
1 0.4970130208333333 0.42889814814814814 0.01200000000000001 0.020763888888888853
1 0.5576380208333334 0.4759305555555555 0.010877604166666721 0.020810185185185206
1 0.6436328125 0.5122592592592592 0.008776041666666679 0.022106481481481508
0 0.6338125 0.6376157407407407 0.016158854166666625 0.018902777777777838
1 0.6762812500000001 0.557074074074074 0.03161197916666669 0.10144444444444448
1 0.7878098958333334 0.6750509259259259 0.011479166666666707 0.016231481481481482
1 0.806125 0.5904953703703704 0.008736979166666714 0.014560185185185167
1 0.21023958333333334 0.7178888888888889 0.012070312500000013 0.023666666666666576
1 0.24139322916666667 0.14147685185185183 0.010684895833333319 0.01962962962962964
1 0.34257291666666667 0.2513287037037037 0.006528645833333346 0.014935185185185182
1 0.3636041666666667 0.1895138888888889 0.010757812499999964 0.015509259259259266
1 0.05552083333333333 0.1080787037037037 0.01221875 0.018027777777777754