1 0.7375833333333334 0.19580092592592593 0.020781249999999973 0.03505092592592593
1 0.6021979166666667 0.25627777777777777 0.010200520833333337 0.023027777777777796
1 0.5487682291666667 0.20156944444444444 0.010122395833333409 0.019462962962962967
1 0.525109375 0.13177314814814814 0.010908854166666648 0.0170324074074074
1 0.5050286458333333 0.1479537037037037 0.013575520833333299 0.02175462962962962
1 0.4547552083333333 0.21760185185185182 0.013059895833333335 0.025981481481481456
1 0.40917447916666666 0.14536574074074074 0.011794270833333287 0.02142592592592591
1 0.36428385416666664 0.19105092592592593 0.009369791666666627 0.019037037037037012
1 0.34258072916666665 0.25206944444444446 0.008815104166666643 0.013120370370370418
1 0.24090104166666665 0.14077777777777778 0.009841145833333342 0.01518518518518519
1 0.49809114583333336 0.4294351851851852 0.013265625000000003 0.02695833333333337
1 0.5569348958333333 0.47506944444444454 0.012822916666666684 0.022509259259259236
1 0.6441510416666667 0.5134074074074074 0.01363802083333332 0.02397222222222221
1 0.6758489583333334 0.5568148148148148 0.03198177083333342 0.09418981481481481
0 0.632484375 0.6368009259259259 0.016127604166666698 0.027550925925925895
1 0.7879583333333334 0.6756249999999999 0.011710937499999963 0.018268518518518444
1 0.8050234374999999 0.5910046296296296 0.01177604166666657 0.016050925925925854
1 0.056234374999999996 0.10827777777777776 0.011921874999999998 0.023439814814814806
1 0.21027604166666666 0.7158935185185185 0.011062499999999975 0.018865740740740752