1 0.7375833333333334 0.8041990740740741 0.020781249999999973 0.035050925925925985
1 0.6021979166666667 0.7437222222222223 0.010200520833333337 0.023027777777777796
1 0.5487682291666667 0.7984305555555555 0.010122395833333409 0.019462962962963064
1 0.525109375 0.8682268518518518 0.010908854166666648 0.01703240740740735
1 0.5050286458333333 0.8520462962962962 0.013575520833333243 0.02175462962962962
1 0.4547552083333333 0.7823981481481481 0.013059895833333335 0.025981481481481456
1 0.40917447916666666 0.8546342592592593 0.011794270833333287 0.021425925925925862
1 0.36428385416666664 0.808949074074074 0.009369791666666627 0.019037037037037012
1 0.34258072916666665 0.7479305555555555 0.008815104166666643 0.013120370370370516
1 0.24090104166666665 0.8592222222222223 0.009841145833333342 0.01518518518518519
1 0.49809114583333336 0.5705648148148148 0.013265625000000059 0.02695833333333337
1 0.5569348958333333 0.5249305555555555 0.012822916666666684 0.022509259259259236
1 0.6441510416666667 0.4865925925925926 0.01363802083333332 0.02397222222222221
1 0.6758489583333334 0.44318518518518524 0.03198177083333342 0.09418981481481481
0 0.632484375 0.3631990740740741 0.016127604166666698 0.027550925925925895
1 0.7879583333333334 0.3243750000000001 0.011710937499999963 0.018268518518518444
1 0.8050234374999999 0.4089953703703704 0.01177604166666657 0.016050925925925854
1 0.056234374999999996 0.8917222222222223 0.011921874999999998 0.023439814814814892
1 0.21027604166666666 0.28410648148148154 0.011062499999999975 0.018865740740740752