1 0.7368619791666667 0.8095509259259259 0.020718749999999897 0.03215740740740753
1 0.6008854166666667 0.7458425925925926 0.010138020833333261 0.024523148148148266
1 0.5480911458333333 0.7992222222222222 0.012700520833333284 0.02191666666666671
1 0.5256979166666667 0.8657592592592592 0.011692708333333357 0.022750000000000072
1 0.4927552083333334 0.9060046296296296 0.021770833333333295 0.1642824074074076
1 0.5050416666666666 0.8536157407407408 0.012223958333333229 0.02643518518518522
1 0.4552864583333333 0.7827824074074073 0.014429687499999955 0.028467592592592596
1 0.4080703125 0.8550138888888889 0.01012500000000005 0.01906018518518514
1 0.49726041666666665 0.5720416666666667 0.012760416666666607 0.020773148148148124
1 0.5578541666666667 0.5219953703703704 0.010341145833333343 0.021287037037037097
1 0.6427369791666667 0.48496296296296293 0.010148437500000052 0.02096759259259251
1 0.6768619791666667 0.4451574074074074 0.03204947916666656 0.09828703703703706
0 0.6343671875 0.36154166666666676 0.01401041666666658 0.020592592592592496
1 0.7876770833333333 0.324412037037037 0.012903645833333366 0.020462962962962905
1 0.8063645833333334 0.4088472222222222 0.008437500000000098 0.016398148148148155
1 0.36437239583333336 0.8093888888888888 0.007708333333333317 0.02103703703703709
1 0.3421953125 0.7486388888888889 0.008419270833333381 0.017791666666666747
1 0.24028645833333334 0.86 0.011898437500000025 0.020527777777777898
1 0.05585416666666666 0.8917592592592593 0.015135416666666651 0.02224537037037027
1 0.2093255208333333 0.283050925925926 0.013708333333333322 0.024212962962963047