1 0.7368619791666667 0.19044907407407408 0.020718749999999897 0.03215740740740743
1 0.6008854166666667 0.2541574074074074 0.010138020833333261 0.02452314814814817
1 0.5480911458333333 0.20077777777777778 0.012700520833333284 0.021916666666666657
1 0.5256979166666667 0.13424074074074074 0.011692708333333357 0.022749999999999975
1 0.4927552083333334 0.09399537037037037 0.02177083333333335 0.1642824074074074
1 0.5050416666666666 0.14638425925925927 0.012223958333333285 0.026435185185185173
1 0.4552864583333333 0.2172175925925926 0.014429687499999955 0.028467592592592596
1 0.4080703125 0.14498611111111112 0.01012500000000005 0.01906018518518519
1 0.49726041666666665 0.42795833333333333 0.012760416666666663 0.020773148148148124
1 0.5578541666666667 0.47800462962962964 0.010341145833333343 0.021287037037037097
1 0.6427369791666667 0.5150370370370371 0.010148437500000052 0.02096759259259251
1 0.6768619791666667 0.5548425925925926 0.03204947916666656 0.09828703703703706
0 0.6343671875 0.6384583333333332 0.01401041666666658 0.020592592592592496
1 0.7876770833333333 0.675587962962963 0.012903645833333366 0.020462962962962905
1 0.8063645833333334 0.5911527777777779 0.008437500000000098 0.016398148148148155
1 0.36437239583333336 0.19061111111111112 0.007708333333333317 0.021037037037037038
1 0.3421953125 0.25136111111111115 0.008419270833333381 0.01779166666666665
1 0.24028645833333334 0.13999999999999999 0.011898437500000025 0.020527777777777798
1 0.05585416666666666 0.10824074074074073 0.015135416666666658 0.022245370370370356
1 0.2093255208333333 0.716949074074074 0.013708333333333322 0.024212962962963047