1 0.7360026041666666 0.8048009259259259 0.02407552083333342 0.036893518518518555
1 0.600796875 0.7453888888888889 0.009239583333333412 0.016425925925925868
1 0.5243020833333333 0.8683935185185185 0.008398437499999911 0.01930092592592598
1 0.5482552083333334 0.7995185185185185 0.009812500000000002 0.016166666666666687
1 0.45478124999999997 0.7862407407407407 0.013575520833333354 0.022999999999999885
1 0.4080364583333333 0.8573842592592593 0.012536458333333278 0.015023148148148103
1 0.5041953124999999 0.8538101851851851 0.010447916666666668 0.019351851851851818
1 0.4965494791666667 0.5715370370370371 0.01047395833333331 0.020384259259259352
1 0.5569869791666666 0.5249675925925926 0.0087890625 0.020541666666666656
1 0.6430651041666666 0.4871666666666667 0.00924999999999998 0.020069444444444348
0 0.6333932291666666 0.3643194444444445 0.01684895833333333 0.02627777777777772
1 0.6759583333333333 0.4423472222222223 0.03329947916666676 0.09468518518518525
1 0.7862942708333333 0.327087962962963 0.009903645833333252 0.016212962962962943
1 0.8064895833333333 0.41028240740740746 0.011197916666666696 0.019814814814814754
1 0.3639453125 0.8103981481481481 0.009940104166666686 0.016009259259259185
1 0.3419453125 0.7487037037037036 0.008731770833333319 0.012611111111111128
1 0.2414557291666667 0.8590787037037038 0.010085937499999975 0.01632407407407399
1 0.05701302083333334 0.8922638888888889 0.013643229166666673 0.017574074074074037
1 0.20982291666666666 0.28323611111111113 0.008632812499999976 0.021268518518518558