1 0.7360026041666666 0.19519907407407405 0.02407552083333342 0.036893518518518506
1 0.600796875 0.2546111111111111 0.009239583333333412 0.01642592592592597
1 0.5243020833333333 0.13160648148148146 0.008398437499999911 0.01930092592592593
1 0.5482552083333334 0.20048148148148148 0.009812500000000002 0.016166666666666687
1 0.45478124999999997 0.2137592592592593 0.013575520833333354 0.022999999999999982
1 0.4080364583333333 0.14261574074074077 0.012536458333333278 0.015023148148148154
1 0.5041953124999999 0.1461898148148148 0.010447916666666668 0.019351851851851867
1 0.4965494791666667 0.428462962962963 0.010473958333333366 0.020384259259259255
1 0.5569869791666666 0.4750324074074073 0.0087890625 0.020541666666666656
1 0.6430651041666666 0.5128333333333334 0.00924999999999998 0.020069444444444348
0 0.6333932291666666 0.6356805555555556 0.01684895833333333 0.02627777777777772
1 0.6759583333333333 0.5576527777777778 0.03329947916666676 0.09468518518518525
1 0.7862942708333333 0.6729120370370371 0.009903645833333252 0.016212962962962943
1 0.8064895833333333 0.5897175925925926 0.011197916666666696 0.019814814814814754
1 0.3639453125 0.18960185185185185 0.009940104166666686 0.016009259259259237
1 0.3419453125 0.25129629629629624 0.008731770833333319 0.012611111111111128
1 0.2414557291666667 0.1409212962962963 0.010085937499999975 0.016324074074074088
1 0.05701302083333334 0.10773611111111112 0.013643229166666673 0.01757407407407406
1 0.20982291666666666 0.7167638888888889 0.008632812499999976 0.021268518518518558