1 0.7374375000000001 0.19508333333333333 0.01763541666666657 0.038749999999999986
1 0.5567630208333333 0.4759583333333333 0.011239583333333414 0.02890277777777782
1 0.6441744791666667 0.5132592592592593 0.010257812499999908 0.02031481481481477
0 0.6870208333333333 0.554324074074074 0.047151041666666726 0.08343055555555562
1 0.6005729166666666 0.2539398148148148 0.011286458333333416 0.017425925925925907
1 0.5472005208333334 0.20449074074074072 0.015507812500000107 0.02785648148148148
1 0.5244140625 0.12994907407407408 0.012046875000000012 0.016629629629629623
1 0.50446875 0.14764351851851854 0.01627604166666674 0.023495370370370368
1 0.40912760416666666 0.14364814814814814 0.010085937499999975 0.014319444444444428
1 0.45553645833333334 0.2138611111111111 0.015335937499999952 0.03233796296296296
1 0.4966875 0.4275324074074074 0.014752604166666683 0.02355092592592594
1 0.632921875 0.6383009259259259 0.01716406250000002 0.030347222222222255
1 0.7877630208333334 0.6754675925925926 0.011333333333333417 0.016745370370370456
1 0.8059062499999999 0.5899398148148148 0.012192708333333302 0.02275462962962966
1 0.24053906249999998 0.1402824074074074 0.012484374999999992 0.019467592592592602
1 0.21058333333333332 0.7163379629629629 0.010729166666666679 0.02599537037037041
1 0.057781250000000006 0.1076388888888889 0.013283854166666664 0.025481481481481487