1 0.7374375000000001 0.8049166666666667 0.01763541666666657 0.03875000000000009
1 0.5567630208333333 0.5240416666666667 0.011239583333333414 0.02890277777777782
1 0.6441744791666667 0.4867407407407407 0.010257812499999908 0.02031481481481477
0 0.6870208333333333 0.445675925925926 0.047151041666666726 0.08343055555555562
1 0.6005729166666666 0.7460601851851852 0.011286458333333416 0.017425925925925907
1 0.5472005208333334 0.7955092592592593 0.015507812500000107 0.027856481481481527
1 0.5244140625 0.8700509259259259 0.012046875000000012 0.016629629629629623
1 0.50446875 0.8523564814814815 0.01627604166666674 0.02349537037037032
1 0.40912760416666666 0.8563518518518518 0.010085937499999975 0.01431944444444433
1 0.45553645833333334 0.7861388888888889 0.015335937499999952 0.03233796296296296
1 0.4966875 0.5724675925925926 0.014752604166666683 0.02355092592592594
1 0.632921875 0.36169907407407403 0.01716406250000002 0.030347222222222255
1 0.7877630208333334 0.32453240740740746 0.011333333333333417 0.016745370370370456
1 0.8059062499999999 0.41006018518518517 0.012192708333333302 0.02275462962962966
1 0.24053906249999998 0.8597175925925926 0.012484374999999992 0.01946759259259265
1 0.21058333333333332 0.2836620370370371 0.010729166666666679 0.02599537037037041
1 0.057781250000000006 0.8923611111111112 0.013283854166666664 0.02548148148148144