1 0.7381015625 0.805675925925926 0.019705729166666686 0.033402777777777795
1 0.5480260416666667 0.7992731481481481 0.014388020833333348 0.02285185185185195
1 0.6017734375 0.743287037037037 0.011036458333333332 0.01697685185185173
1 0.6438307291666666 0.4864027777777778 0.010007812500000046 0.019643518518518494
1 0.5572239583333333 0.524726851851852 0.01150520833333335 0.021171296296296264
0 0.6827265625 0.44047685185185187 0.04382812500000011 0.0956481481481482
1 0.6322916666666667 0.36365277777777777 0.017236979166666666 0.025333333333333305
1 0.49686718750000003 0.5722962962962962 0.012018229166666616 0.020060185185185177
1 0.45465104166666664 0.7846388888888889 0.012570312499999958 0.022180555555555672
1 0.5237109375 0.8684814814814815 0.009846354166666682 0.016129629629629605
1 0.5051692708333333 0.8532824074074074 0.012580729166666638 0.02329166666666676
1 0.4076510416666667 0.8575925925925927 0.009486979166666631 0.01783333333333322
1 0.8069244791666667 0.410837962962963 0.008763020833333357 0.019703703703703706
1 0.7874765625 0.32517592592592603 0.012653645833333282 0.020930555555555626
1 0.36365625 0.8078518518518519 0.013606770833333282 0.020120370370370386
1 0.34366145833333334 0.7468472222222222 0.008679687500000033 0.014310185185185157
1 0.24140364583333332 0.8595324074074074 0.009778645833333321 0.02135648148148148
1 0.05708072916666666 0.8901388888888889 0.014322916666666657 0.021412037037036907
1 0.2092291666666667 0.28297685185185184 0.013171875 0.016597222222222128