1 0.7381015625 0.19432407407407407 0.019705729166666686 0.033402777777777795
1 0.5480260416666667 0.20072685185185185 0.014388020833333348 0.022851851851851852
1 0.6017734375 0.256712962962963 0.011036458333333332 0.016976851851851826
1 0.6438307291666666 0.5135972222222223 0.010007812500000046 0.019643518518518494
1 0.5572239583333333 0.4752731481481481 0.01150520833333335 0.021171296296296264
0 0.6827265625 0.5595231481481481 0.04382812500000011 0.0956481481481482
1 0.6322916666666667 0.6363472222222222 0.017236979166666666 0.025333333333333305
1 0.49686718750000003 0.4277037037037037 0.012018229166666672 0.020060185185185177
1 0.45465104166666664 0.21536111111111111 0.012570312499999958 0.022180555555555575
1 0.5237109375 0.1315185185185185 0.009846354166666682 0.016129629629629653
1 0.5051692708333333 0.14671759259259262 0.012580729166666638 0.023291666666666662
1 0.4076510416666667 0.14240740740740743 0.009486979166666631 0.01783333333333332
1 0.8069244791666667 0.589162037037037 0.008763020833333357 0.019703703703703706
1 0.7874765625 0.674824074074074 0.012653645833333282 0.020930555555555626
1 0.36365625 0.19214814814814815 0.013606770833333282 0.020120370370370386
1 0.34366145833333334 0.2531527777777777 0.008679687500000033 0.014310185185185157
1 0.24140364583333332 0.1404675925925926 0.009778645833333321 0.02135648148148148
1 0.05708072916666666 0.10986111111111112 0.014322916666666664 0.021412037037037042
1 0.2092291666666667 0.7170231481481482 0.013171875 0.016597222222222128