1 0.7372135416666666 0.8081898148148148 0.021197916666666705 0.03102314814814812
1 0.6013671875 0.7452407407407408 0.006864583333333396 0.02263425925925924
1 0.5487395833333333 0.7983842592592593 0.01257031250000007 0.023296296296296346
1 0.5254140625 0.8684953703703704 0.008703125000000034 0.02092592592592584
1 0.5054531250000001 0.8515277777777778 0.012226562499999982 0.023962962962963037
1 0.455421875 0.7878518518518519 0.016447916666666673 0.04317129629629631
1 0.487734375 0.7175416666666666 0.014226562499999984 0.029300925925925963
1 0.49698437500000003 0.5718749999999999 0.011330729166666664 0.02711574074074087
1 0.55659375 0.5219305555555555 0.010231770833333265 0.023615740740740736
1 0.644453125 0.485787037037037 0.0128177083333334 0.018662037037036998
0 0.6849739583333334 0.4392037037037037 0.04172395833333331 0.08449074074074067
1 0.788375 0.32733796296296297 0.013223958333333341 0.02183333333333337
1 0.8042890625 0.40986111111111106 0.009627604166666748 0.023157407407407387
1 0.6324921875 0.3605092592592593 0.019648437499999893 0.03272685185185193
1 0.40598697916666665 0.858462962962963 0.009822916666666681 0.014842592592592475
1 0.3631276041666667 0.8104027777777778 0.013671875 0.018273148148148028
1 0.343515625 0.7465648148148148 0.010549479166666709 0.019986111111111014
1 0.24139583333333334 0.8587962962962963 0.014200520833333341 0.021310185185185224
1 0.05698697916666666 0.8903842592592591 0.016375 0.023490740740740534
1 0.20805989583333334 0.2809907407407408 0.014369791666666687 0.018268518518518444