1 0.7372135416666666 0.19181018518518517 0.021197916666666705 0.031023148148148168
1 0.6013671875 0.25475925925925924 0.006864583333333396 0.02263425925925924
1 0.5487395833333333 0.20161574074074073 0.01257031250000007 0.023296296296296298
1 0.5254140625 0.13150462962962964 0.008703125000000034 0.02092592592592594
1 0.5054531250000001 0.14847222222222223 0.012226562499999982 0.02396296296296294
1 0.455421875 0.2121481481481481 0.016447916666666673 0.043171296296296284
1 0.487734375 0.2824583333333333 0.014226562499999984 0.029300925925925963
1 0.49698437500000003 0.428125 0.011330729166666664 0.02711574074074077
1 0.55659375 0.47806944444444455 0.010231770833333265 0.023615740740740736
1 0.644453125 0.5142129629629629 0.0128177083333334 0.018662037037036998
0 0.6849739583333334 0.5607962962962962 0.04172395833333331 0.08449074074074067
1 0.788375 0.672662037037037 0.013223958333333341 0.02183333333333337
1 0.8042890625 0.5901388888888889 0.009627604166666748 0.023157407407407387
1 0.6324921875 0.6394907407407406 0.019648437499999893 0.03272685185185193
1 0.40598697916666665 0.14153703703703704 0.009822916666666681 0.014842592592592574
1 0.3631276041666667 0.1895972222222222 0.013671875 0.01827314814814813
1 0.343515625 0.25343518518518515 0.010549479166666709 0.01998611111111111
1 0.24139583333333334 0.1412037037037037 0.014200520833333341 0.021310185185185175
1 0.05698697916666666 0.10961574074074074 0.016374999999999994 0.023490740740740732
1 0.20805989583333334 0.7190092592592592 0.014369791666666687 0.018268518518518444