1 0.7374921874999999 0.8062037037037038 0.01688281250000001 0.03349074074074072
1 0.6003932291666667 0.7449675925925926 0.009729166666666567 0.021652777777777743
1 0.5497057291666666 0.7987222222222222 0.011695312499999888 0.024527777777777853
0 0.6808567708333333 0.4559027777777778 0.0403906249999999 0.09570370370370362
1 0.556796875 0.5255462962962963 0.007645833333333352 0.01971759259259266
1 0.6437734375 0.48725 0.007908854166666757 0.023745370370370326
1 0.6313854166666667 0.35964351851851845 0.01482812499999997 0.024217592592592634
1 0.7883255208333333 0.3252685185185185 0.011731770833333321 0.014999999999999977
1 0.80625 0.41031018518518514 0.011109374999999977 0.017837962962963003
1 0.4977968749999999 0.5714074074074075 0.010789062500000002 0.01831018518518511
1 0.5243229166666666 0.8697222222222223 0.006960937499999931 0.016078703703703765
1 0.505265625 0.8527824074074074 0.012263020833333416 0.01907870370370368
1 0.4557473958333333 0.7838888888888889 0.01570312500000004 0.022546296296296318
1 0.4094244791666667 0.8557407407407407 0.009901041666666721 0.017018518518518592
1 0.24173697916666667 0.8586342592592593 0.008872395833333324 0.015861111111111055
1 0.36368229166666666 0.808824074074074 0.013510416666666636 0.017444444444444446
1 0.3424505208333333 0.7492361111111111 0.005783854166666713 0.012337962962962992
1 0.05730989583333333 0.8927083333333334 0.013874999999999998 0.02259259259259257
1 0.21090625 0.2843611111111112 0.009739583333333357 0.01962962962962954