1 0.7374921874999999 0.1937962962962963 0.01688281250000001 0.03349074074074072
1 0.6003932291666667 0.2550324074074074 0.009729166666666567 0.021652777777777743
1 0.5497057291666666 0.20127777777777778 0.011695312499999888 0.024527777777777753
0 0.6808567708333333 0.5440972222222222 0.0403906249999999 0.09570370370370362
1 0.556796875 0.47445370370370366 0.007645833333333352 0.01971759259259266
1 0.6437734375 0.51275 0.007908854166666757 0.023745370370370326
1 0.6313854166666667 0.6403564814814815 0.01482812499999997 0.024217592592592634
1 0.7883255208333333 0.6747314814814814 0.011731770833333321 0.014999999999999977
1 0.80625 0.5896898148148149 0.011109374999999977 0.017837962962963003
1 0.4977968749999999 0.4285925925925926 0.010789062499999946 0.01831018518518521
1 0.5243229166666666 0.13027777777777777 0.006960937499999931 0.016078703703703717
1 0.505265625 0.1472175925925926 0.01226302083333336 0.01907870370370368
1 0.4557473958333333 0.2161111111111111 0.01570312500000004 0.022546296296296293
1 0.4094244791666667 0.14425925925925925 0.009901041666666721 0.017018518518518495
1 0.24173697916666667 0.14136574074074076 0.008872395833333324 0.015861111111111104
1 0.36368229166666666 0.19117592592592592 0.013510416666666636 0.017444444444444446
1 0.3424505208333333 0.2507638888888889 0.005783854166666713 0.012337962962962992
1 0.05730989583333333 0.10729166666666666 0.013874999999999998 0.022592592592592584
1 0.21090625 0.7156388888888888 0.009739583333333357 0.01962962962962954