1 0.7374166666666666 0.19637962962962963 0.02027343749999999 0.03264814814814813
1 0.6003984375 0.2562175925925925 0.009992187499999972 0.023824074074074077
1 0.5485494791666666 0.20393055555555556 0.013263020833333306 0.025175925925925904
1 0.5243020833333333 0.13087037037037036 0.010190104166666769 0.016249999999999973
1 0.5041796875 0.14640277777777777 0.012437500000000101 0.02474074074074073
1 0.4952213541666667 0.09254166666666666 0.0226302083333334 0.17056944444444444
1 0.45517708333333334 0.21562499999999998 0.01260677083333328 0.0285925925925926
1 0.4088229166666667 0.14688425925925927 0.009773437500000037 0.021361111111111115
1 0.49806770833333325 0.4293055555555555 0.010963541666666687 0.02266203703703705
1 0.5571901041666667 0.4783425925925926 0.010515625000000028 0.02174537037037045
1 0.6445911458333333 0.512712962962963 0.009968750000000082 0.02189351851851858
1 0.6316041666666667 0.6382592592592593 0.014768229166666647 0.024643518518518488
0 0.6734661458333333 0.5520277777777778 0.037440104166666766 0.10312962962962954
1 0.7878151041666667 0.6744120370370371 0.010682291666666677 0.02140740740740732
1 0.8059921875 0.5896805555555555 0.007479166666666703 0.016050925925925854
1 0.24113802083333333 0.13976851851851851 0.010445312500000026 0.0166851851851852
1 0.055773437499999995 0.1069675925925926 0.011901041666666667 0.021412037037037028
1 0.21065364583333332 0.7177361111111111 0.011018229166666671 0.01948148148148141