1 0.7374166666666666 0.8036203703703704 0.02027343749999999 0.032648148148148176
1 0.6003984375 0.7437824074074074 0.009992187499999972 0.023824074074074077
1 0.5485494791666666 0.7960694444444445 0.013263020833333306 0.025175925925925807
1 0.5243020833333333 0.8691296296296297 0.010190104166666769 0.016250000000000025
1 0.5041796875 0.8535972222222222 0.012437500000000101 0.02474074074074078
1 0.4952213541666667 0.9074583333333334 0.0226302083333334 0.17056944444444452
1 0.45517708333333334 0.784375 0.01260677083333328 0.0285925925925926
1 0.4088229166666667 0.8531157407407408 0.009773437500000037 0.021361111111111067
1 0.49806770833333325 0.5706944444444445 0.010963541666666687 0.022662037037036953
1 0.5571901041666667 0.5216574074074074 0.010515625000000028 0.02174537037037045
1 0.6445911458333333 0.487287037037037 0.009968750000000082 0.02189351851851858
1 0.6316041666666667 0.3617407407407407 0.014768229166666647 0.024643518518518488
0 0.6734661458333333 0.4479722222222222 0.037440104166666766 0.10312962962962954
1 0.7878151041666667 0.32558796296296294 0.010682291666666677 0.02140740740740732
1 0.8059921875 0.41031944444444446 0.007479166666666703 0.016050925925925854
1 0.24113802083333333 0.8602314814814815 0.010445312500000026 0.016685185185185247
1 0.055773437499999995 0.8930324074074074 0.011901041666666667 0.021412037037036907
1 0.21065364583333332 0.28226388888888887 0.011018229166666671 0.01948148148148141