1 0.7372161458333333 0.1922314814814815 0.018989583333333337 0.03236574074074072
1 0.6010260416666666 0.2558009259259259 0.01055208333333324 0.026750000000000027
0 0.6768854166666666 0.547611111111111 0.04673958333333328 0.10273148148148141
1 0.6442395833333333 0.5127083333333333 0.008684895833333428 0.02039814814814811
1 0.5561484375 0.47625 0.01143749999999999 0.020120370370370386
1 0.4979166666666667 0.42810185185185184 0.010979166666666706 0.0190092592592593
1 0.6324088541666666 0.6381805555555555 0.016023437499999904 0.027550925925925895
1 0.24185416666666668 0.14052314814814812 0.0092890625 0.020472222222222225
1 0.34229427083333336 0.25146759259259255 0.007898437499999966 0.01589351851851855
1 0.36389322916666667 0.19174537037037037 0.010177083333333337 0.017916666666666654
1 0.40827864583333334 0.14424074074074075 0.009781249999999964 0.01761111111111112
1 0.45597916666666666 0.215 0.011768229166666644 0.023250000000000017
1 0.5485156250000001 0.20201851851851851 0.011546875000000068 0.02062037037037036
1 0.5255442708333333 0.13074537037037037 0.011156249999999979 0.016009259259259237
1 0.5040729166666666 0.1465462962962963 0.013768229166666701 0.01947685185185187
1 0.7874140625 0.6736018518518518 0.010687499999999961 0.015388888888888945
1 0.8051953125 0.5904722222222223 0.010736979166666716 0.013143518518518447
1 0.057148437499999996 0.10765740740740741 0.012768229166666673 0.02336574074074073
1 0.21101562499999998 0.7162268518518518 0.010919270833333328 0.021032407407407503