1 0.7372161458333333 0.8077685185185186 0.018989583333333337 0.032365740740740674
1 0.6010260416666666 0.7441990740740742 0.01055208333333324 0.026750000000000027
0 0.6768854166666666 0.45238888888888895 0.04673958333333328 0.10273148148148141
1 0.6442395833333333 0.4872916666666667 0.008684895833333428 0.02039814814814811
1 0.5561484375 0.52375 0.01143749999999999 0.020120370370370386
1 0.4979166666666667 0.5718981481481481 0.010979166666666762 0.0190092592592593
1 0.6324088541666666 0.36181944444444447 0.016023437499999904 0.027550925925925895
1 0.24185416666666668 0.8594768518518519 0.0092890625 0.020472222222222274
1 0.34229427083333336 0.7485324074074075 0.007898437499999966 0.01589351851851855
1 0.36389322916666667 0.8082546296296296 0.010177083333333337 0.017916666666666557
1 0.40827864583333334 0.8557592592592592 0.009781249999999964 0.01761111111111112
1 0.45597916666666666 0.7849999999999999 0.011768229166666644 0.02325000000000009
1 0.5485156250000001 0.7979814814814815 0.011546875000000068 0.020620370370370407
1 0.5255442708333333 0.8692546296296295 0.011156249999999979 0.016009259259259185
1 0.5040729166666666 0.8534537037037038 0.013768229166666757 0.01947685185185182
1 0.7874140625 0.32639814814814816 0.010687499999999961 0.015388888888888945
1 0.8051953125 0.4095277777777777 0.010736979166666716 0.013143518518518447
1 0.057148437499999996 0.8923425925925925 0.012768229166666673 0.02336574074074073
1 0.21101562499999998 0.28377314814814825 0.010919270833333328 0.021032407407407503