1 0.7380286458333334 0.18908796296296296 0.022919270833333227 0.03625462962962963
1 0.6024140625 0.2509444444444444 0.013406250000000064 0.025703703703703736
1 0.5455494791666666 0.2033009259259259 0.014260416666666664 0.020689814814814838
1 0.5234453125 0.1293564814814815 0.007815104166666753 0.011694444444444427
1 0.5048671875 0.14792129629629627 0.013815104166666703 0.022569444444444444
1 0.40681510416666666 0.14510185185185184 0.010153645833333336 0.019532407407407398
1 0.45508072916666664 0.21424999999999997 0.012416666666666631 0.024981481481481493
1 0.363515625 0.19068518518518518 0.010984375000000046 0.015189814814814826
1 0.34259114583333333 0.2507685185185185 0.007231770833333373 0.01465740740740736
1 0.4971875 0.4261898148148148 0.010174479166666694 0.020773148148148124
1 0.5562135416666667 0.4748888888888889 0.011005208333333405 0.018314814814814895
1 0.6419166666666667 0.5119398148148148 0.009505208333333348 0.019472222222222238
1 0.6310494791666666 0.640425925925926 0.016585937499999925 0.027240740740740677
1 0.7887291666666666 0.6771064814814814 0.020484374999999888 0.022296296296296307
1 0.8060546875 0.5910555555555557 0.010273437499999982 0.020652777777777704
1 0.24093489583333336 0.1383009259259259 0.010375000000000023 0.017458333333333353
1 0.055374999999999994 0.10741203703703703 0.014859375000000008 0.021361111111111115
1 0.2102109375 0.7138981481481481 0.01313802083333332 0.027078703703703785