1 0.7379947916666667 0.8068564814814815 0.02142968749999996 0.03139814814814813
1 0.6014869791666667 0.7433935185185185 0.012169270833333412 0.020249999999999976
1 0.5497786458333334 0.7980972222222222 0.01376302083333325 0.029805555555555568
1 0.5246614583333333 0.8714212962962963 0.006999999999999895 0.013407407407407411
1 0.5053515625 0.8514027777777778 0.010874999999999968 0.018712962962962838
1 0.4938463541666666 0.9063055555555556 0.023031249999999948 0.1676712962962961
1 0.4558776041666666 0.7824953703703703 0.011570312499999957 0.02714351851851858
1 0.4083333333333333 0.856037037037037 0.008468750000000025 0.01668055555555566
1 0.3641666666666667 0.8083981481481481 0.008864583333333287 0.017884259259259256
1 0.34215625000000005 0.7476666666666667 0.007828124999999964 0.01257870370370383
1 0.49736197916666663 0.5724074074074075 0.009549479166666708 0.017499999999999873
1 0.5578541666666667 0.5227916666666667 0.012333333333333307 0.02381944444444449
1 0.6445338541666668 0.4864907407407407 0.00888020833333325 0.019143518518518476
1 0.6317395833333334 0.3615 0.01601562500000009 0.027726851851851936
0 0.680953125 0.4480462962962963 0.045083333333333364 0.08995833333333339
1 0.8066692708333334 0.40756944444444443 0.010783854166666718 0.018083333333333427
1 0.7876041666666667 0.3232222222222223 0.009286458333333414 0.01918981481481473