1 0.7379947916666667 0.19314351851851852 0.02142968749999996 0.03139814814814813
1 0.6014869791666667 0.25660648148148146 0.012169270833333412 0.020249999999999976
1 0.5497786458333334 0.2019027777777778 0.01376302083333325 0.029805555555555568
1 0.5246614583333333 0.12857870370370372 0.006999999999999895 0.013407407407407411
1 0.5053515625 0.14859722222222224 0.010874999999999968 0.018712962962962938
1 0.4938463541666666 0.09369444444444443 0.023031249999999948 0.1676712962962963
1 0.4558776041666666 0.21750462962962963 0.011570312499999957 0.027143518518518508
1 0.4083333333333333 0.14396296296296296 0.008468750000000025 0.016680555555555563
1 0.3641666666666667 0.19160185185185186 0.008864583333333287 0.017884259259259256
1 0.34215625000000005 0.2523333333333333 0.007828124999999964 0.01257870370370373
1 0.49736197916666663 0.4275925925925926 0.009549479166666708 0.017499999999999974
1 0.5578541666666667 0.47720833333333335 0.012333333333333307 0.02381944444444449
1 0.6445338541666668 0.5135092592592593 0.00888020833333325 0.019143518518518476
1 0.6317395833333334 0.6385000000000001 0.01601562500000009 0.027726851851851936
0 0.680953125 0.5519537037037038 0.045083333333333364 0.08995833333333339
1 0.8066692708333334 0.5924305555555556 0.010783854166666718 0.018083333333333427
1 0.7876041666666667 0.6767777777777777 0.009286458333333414 0.01918981481481473