1 0.7371171875 0.8064444444444444 0.017872395833333332 0.03533333333333329
1 0.6016848958333333 0.7425231481481481 0.013182291666666623 0.01727314814814819
1 0.5481744791666666 0.7957453703703704 0.012106770833333336 0.025083333333333298
1 0.5569557291666667 0.5235925925925926 0.011432291666666705 0.01899074074074076
1 0.6428072916666667 0.4860462962962962 0.012492187499999918 0.017662037037036962
0 0.67571875 0.44920833333333327 0.038361979166666726 0.08979166666666671
1 0.6311796875 0.3617453703703703 0.01789322916666669 0.02928240740740742
1 0.7864270833333333 0.3252731481481481 0.013148437499999943 0.018087962962963014
1 0.8054635416666667 0.4109351851851852 0.011270833333333341 0.020449074074074147
1 0.45521093749999997 0.7810787037037037 0.014630208333333283 0.026625000000000024
1 0.4083333333333333 0.8568333333333333 0.009455729166666704 0.01946759259259265
1 0.5251145833333334 0.8695694444444445 0.008976562500000007 0.014064814814814931
1 0.5047890625 0.8532314814814815 0.01391927083333333 0.02512962962962955
1 0.36390364583333334 0.8088888888888889 0.010481770833333348 0.019634259259259323
1 0.3429505208333333 0.748462962962963 0.008955729166666648 0.015430555555555614
1 0.24161458333333333 0.8576296296296296 0.007325520833333321 0.01633333333333336
1 0.05637760416666667 0.890625 0.014617187500000003 0.019810185185185167
1 0.20991666666666667 0.28302777777777777 0.012533854166666691 0.02460185185185182
1 0.49638281249999994 0.5736620370370371 0.012736979166666718 0.019972222222222256