1 0.7371171875 0.19355555555555556 0.017872395833333332 0.03533333333333334
1 0.6016848958333333 0.2574768518518519 0.013182291666666623 0.01727314814814819
1 0.5481744791666666 0.20425462962962962 0.012106770833333336 0.025083333333333346
1 0.5569557291666667 0.4764074074074074 0.011432291666666705 0.01899074074074076
1 0.6428072916666667 0.5139537037037037 0.012492187499999918 0.017662037037036962
0 0.67571875 0.5507916666666667 0.038361979166666726 0.08979166666666671
1 0.6311796875 0.6382546296296296 0.01789322916666669 0.02928240740740742
1 0.7864270833333333 0.6747268518518519 0.013148437499999943 0.018087962962963014
1 0.8054635416666667 0.5890648148148148 0.011270833333333341 0.020449074074074147
1 0.45521093749999997 0.21892129629629628 0.014630208333333283 0.02662499999999997
1 0.4083333333333333 0.14316666666666666 0.009455729166666704 0.019467592592592602
1 0.5251145833333334 0.13043055555555555 0.008976562500000007 0.014064814814814832
1 0.5047890625 0.1467685185185185 0.01391927083333333 0.02512962962962965
1 0.36390364583333334 0.19111111111111112 0.010481770833333348 0.019634259259259275
1 0.3429505208333333 0.25153703703703706 0.008955729166666648 0.015430555555555515
1 0.24161458333333333 0.14237037037037037 0.007325520833333321 0.01633333333333331
1 0.05637760416666667 0.109375 0.014617187500000003 0.01981018518518518
1 0.20991666666666667 0.7169722222222222 0.012533854166666691 0.02460185185185182
1 0.49638281249999994 0.42633796296296295 0.012736979166666662 0.019972222222222256