1 0.7380104166666667 0.19731944444444444 0.01819531250000006 0.03164351851851851
1 0.6025651041666666 0.25756944444444446 0.009393229166666739 0.022370370370370374
1 0.50625 0.14994444444444444 0.013502604166666654 0.023407407407407394
1 0.55034375 0.20429166666666665 0.013395833333333274 0.02456944444444442
1 0.5268776041666666 0.13120370370370368 0.011653645833333393 0.015578703703703697
1 0.4105520833333333 0.144625 0.013283854166666664 0.018944444444444455
1 0.4569244791666666 0.21877777777777777 0.016348958333333385 0.03130092592592591
1 0.5006510416666666 0.428462962962963 0.01620312500000004 0.02799537037037039
1 0.55959375 0.47837962962962954 0.01034895833333338 0.021537037037037108
1 0.36651822916666665 0.1900787037037037 0.008638020833333315 0.015921296296296312
0 0.33959635416666667 0.23680092592592594 0.007627604166666635 0.01173148148148151
0 0.49775260416666656 0.08413425925925926 0.024315104166666657 0.14267129629629632
1 0.24464322916666664 0.14156944444444447 0.010291666666666643 0.020245370370370393
1 0.05609635416666667 0.10689351851851851 0.014164062499999998 0.027523148148148158
1 0.21088541666666666 0.7168055555555556 0.010210937500000017 0.023805555555555538
1 0.6449661458333333 0.5124027777777778 0.007989583333333439 0.017907407407407386
1 0.6795781249999999 0.5558657407407408 0.02993749999999995 0.0998842592592592
1 0.787015625 0.6723101851851853 0.010536458333333387 0.013916666666666602
1 0.8049010416666667 0.5891990740740741 0.008763020833333357 0.01948148148148141
1 0.6334375 0.6383935185185186 0.014822916666666686 0.022708333333333403