1 0.7378046875000001 0.19687037037037036 0.01969791666666665 0.030791666666666648
1 0.6018489583333333 0.25675462962962964 0.010789062500000002 0.021972222222222233
1 0.5496588541666667 0.20362037037037037 0.00973177083333332 0.02341203703703703
1 0.525625 0.13269907407407405 0.0076901041666666 0.016828703703703693
1 0.5073333333333333 0.15037037037037038 0.012434895833333348 0.020444444444444463
0 0.4950260416666667 0.08475925925925926 0.022104166666666702 0.13719444444444442
1 0.4577890625 0.2174861111111111 0.011499999999999955 0.021087962962962954
1 0.4097161458333333 0.1447314814814815 0.011161458333333374 0.015851851851851832
1 0.36688802083333333 0.1907962962962963 0.008635416666666673 0.013625000000000023
0 0.34053125 0.24042592592592596 0.007585937500000028 0.012694444444444465
1 0.243875 0.14123148148148149 0.010583333333333333 0.018865740740740752
1 0.0553046875 0.10577314814814814 0.012916666666666674 0.022254629629629628
1 0.21129947916666666 0.7171018518518519 0.01117968749999998 0.018402777777777816
1 0.49969270833333324 0.4299537037037037 0.010302083333333323 0.01854166666666668
1 0.5591354166666667 0.47784722222222226 0.009898437499999968 0.018305555555555526
1 0.6449505208333334 0.5138888888888888 0.009638020833333316 0.018587962962963032
1 0.678171875 0.5568425925925926 0.03193229166666667 0.0944768518518519
1 0.6328828125 0.6380138888888889 0.01602864583333341 0.023041666666666752
1 0.7860572916666667 0.6736157407407407 0.008651041666666748 0.015759259259259178
1 0.8051979166666666 0.5907268518518518 0.007953125000000005 0.013629629629629707