1 0.7378046875000001 0.8031296296296296 0.01969791666666665 0.030791666666666648
1 0.6018489583333333 0.7432453703703703 0.010789062500000002 0.021972222222222133
1 0.5496588541666667 0.7963796296296297 0.00973177083333332 0.02341203703703698
1 0.525625 0.8673009259259259 0.0076901041666666 0.016828703703703794
1 0.5073333333333333 0.8496296296296296 0.012434895833333348 0.02044444444444456
0 0.4950260416666667 0.9152407407407408 0.022104166666666702 0.13719444444444426
1 0.4577890625 0.782513888888889 0.011499999999999955 0.02108796296296293
1 0.4097161458333333 0.8552685185185185 0.011161458333333374 0.01585185185185188
1 0.36688802083333333 0.8092037037037038 0.008635416666666673 0.013625000000000121
0 0.34053125 0.7595740740740741 0.007585937500000028 0.012694444444444465
1 0.243875 0.8587685185185185 0.010583333333333333 0.018865740740740752
1 0.0553046875 0.8942268518518518 0.012916666666666674 0.022254629629629444
1 0.21129947916666666 0.28289814814814807 0.01117968749999998 0.018402777777777816
1 0.49969270833333324 0.5700462962962963 0.010302083333333378 0.018541666666666776
1 0.5591354166666667 0.5221527777777778 0.009898437499999968 0.018305555555555526
1 0.6449505208333334 0.4861111111111111 0.009638020833333316 0.018587962962963032
1 0.678171875 0.4431574074074074 0.03193229166666667 0.0944768518518519
1 0.6328828125 0.3619861111111111 0.01602864583333341 0.023041666666666752
1 0.7860572916666667 0.3263842592592593 0.008651041666666748 0.015759259259259178
1 0.8051979166666666 0.40927314814814814 0.007953125000000005 0.013629629629629707