1 0.73784375 0.19527777777777777 0.019841145833333407 0.03500925925925927
1 0.6024114583333334 0.2564074074074074 0.009559895833333387 0.019101851851851807
1 0.5504791666666667 0.20583796296296297 0.01236979166666674 0.020912037037037035
1 0.5262630208333333 0.1320648148148148 0.011687500000000073 0.0169537037037037
1 0.45810937500000004 0.21487037037037038 0.01541145833333335 0.026935185185185142
1 0.41026822916666666 0.14405555555555555 0.00777864583333332 0.012037037037037044
0 0.4975104166666666 0.08339814814814812 0.020729166666666687 0.14628240740740742
1 0.5066692708333334 0.14831481481481482 0.013138020833333375 0.03049074074074075
1 0.3678203125 0.19229166666666667 0.010252604166666623 0.021810185185185196
0 0.3406822916666667 0.2385972222222222 0.010330729166666663 0.017796296296296334
1 0.24457812499999998 0.1411435185185185 0.011153645833333337 0.017046296296296306
1 0.057135416666666675 0.10562500000000001 0.015213541666666663 0.02637962962962965
1 0.21115625000000002 0.7173194444444444 0.010848958333333325 0.018902777777777838
1 0.4993229166666666 0.42886574074074074 0.010127604166666693 0.02176388888888889
1 0.5593697916666667 0.47778240740740746 0.010848958333333325 0.020254629629629563
1 0.6426302083333333 0.5125 0.00974218750000011 0.02105555555555563
1 0.6783072916666666 0.5552916666666667 0.03436197916666672 0.09400000000000001
1 0.7873958333333333 0.6737453703703704 0.009729166666666567 0.018444444444444485
1 0.8056848958333332 0.5904907407407407 0.008716145833333355 0.015388888888888945
1 0.6330859375000001 0.6363703703703704 0.01604947916666677 0.030388888888888924