1 0.73784375 0.8047222222222222 0.019841145833333407 0.035009259259259316
1 0.6024114583333334 0.7435925925925926 0.009559895833333387 0.019101851851851807
1 0.5504791666666667 0.794162037037037 0.01236979166666674 0.020912037037037083
1 0.5262630208333333 0.8679351851851851 0.011687500000000073 0.0169537037037036
1 0.45810937500000004 0.7851296296296296 0.01541145833333335 0.026935185185185243
1 0.41026822916666666 0.8559444444444444 0.00777864583333332 0.012037037037037143
0 0.4975104166666666 0.9166018518518518 0.020729166666666687 0.1462824074074073
1 0.5066692708333334 0.8516851851851852 0.013138020833333375 0.0304907407407408
1 0.3678203125 0.8077083333333334 0.010252604166666623 0.021810185185185245
0 0.3406822916666667 0.7614027777777778 0.010330729166666663 0.017796296296296334
1 0.24457812499999998 0.8588564814814814 0.011153645833333337 0.017046296296296306
1 0.057135416666666675 0.8943749999999999 0.015213541666666663 0.026379629629629794
1 0.21115625000000002 0.2826805555555556 0.010848958333333325 0.018902777777777838
1 0.4993229166666666 0.5711342592592593 0.010127604166666693 0.02176388888888899
1 0.5593697916666667 0.5222175925925926 0.010848958333333325 0.020254629629629563
1 0.6426302083333333 0.48750000000000004 0.00974218750000011 0.02105555555555563
1 0.6783072916666666 0.4447083333333333 0.03436197916666672 0.09400000000000001
1 0.7873958333333333 0.3262546296296296 0.009729166666666567 0.018444444444444485
1 0.8056848958333332 0.4095092592592593 0.008716145833333355 0.015388888888888945
1 0.6330859375000001 0.36362962962962964 0.01604947916666677 0.030388888888888924