1 0.7369765625 0.19633796296296296 0.017851562499999973 0.029944444444444426
1 0.6037812499999999 0.2601064814814815 0.008679687499999922 0.018250000000000002
1 0.5513671875 0.20237037037037037 0.010380208333333307 0.014953703703703723
1 0.5260286458333333 0.13234722222222223 0.007955729166666758 0.01281944444444447
1 0.507046875 0.15000000000000002 0.010445312499999915 0.023708333333333345
0 0.49482552083333337 0.08877777777777777 0.024979166666666663 0.14937499999999998
1 0.4112786458333333 0.1456574074074074 0.00820572916666662 0.015680555555555573
1 0.45805208333333336 0.21534259259259259 0.011187500000000017 0.024402777777777773
1 0.3665677083333333 0.19096296296296297 0.009351562500000021 0.015240740740740765
0 0.3415390625 0.24085648148148145 0.007916666666666683 0.012745370370370403
1 0.24444270833333331 0.14292592592592593 0.010072916666666654 0.01549537037037036
1 0.057145833333333326 0.10718055555555554 0.011473958333333333 0.018578703703703698
1 0.21138281250000002 0.7164675925925925 0.010763020833333359 0.01707407407407402
1 0.5001276041666667 0.4300185185185185 0.010716145833333357 0.020231481481481437
1 0.5583151041666666 0.4761527777777778 0.00942968749999995 0.018138888888888854
1 0.6457682291666667 0.5133240740740741 0.010257812499999908 0.018574074074074076
1 0.632671875 0.6391898148148148 0.014499999999999957 0.024842592592592656
1 0.6789609375 0.5555555555555556 0.03247395833333333 0.09974074074074066
1 0.7872395833333333 0.6733935185185185 0.008143229166666766 0.015384259259259162
1 0.8053177083333334 0.5905462962962962 0.008291666666666586 0.01465740740740746