1 0.73725 0.8041666666666667 0.015359375000000064 0.0322314814814815
1 0.6022369791666667 0.7431481481481481 0.010007812500000046 0.016212962962962943
1 0.5518984375 0.7957407407407407 0.01498437500000005 0.0274861111111111
1 0.5269453125 0.8665138888888889 0.007346354166666735 0.014601851851851835
1 0.5063359374999999 0.8503657407407408 0.011557291666666636 0.021541666666666695
0 0.49233593749999993 0.9155879629629629 0.02370572916666669 0.13903703703703682
1 0.45721354166666667 0.7825925925925925 0.015273437499999987 0.030300925925926
1 0.49976041666666665 0.572425925925926 0.010031250000000047 0.02048611111111103
1 0.41053645833333335 0.8548796296296296 0.009085937499999974 0.01721296296296298
1 0.3658177083333333 0.8090416666666667 0.011041666666666616 0.021541666666666695
1 0.3398098958333333 0.7598657407407408 0.005515625000000024 0.011884259259259226
1 0.24429427083333333 0.8600462962962963 0.009953125000000007 0.014393518518518493
1 0.05740104166666666 0.8946898148148148 0.011778645833333337 0.020236111111111024
1 0.21219270833333334 0.2813796296296296 0.008088541666666671 0.021222222222222302
1 0.5594609374999999 0.5252037037037037 0.01003385416666669 0.02007870370370372
1 0.6449505208333334 0.48593981481481485 0.009322916666666625 0.01877314814814805
1 0.6330052083333333 0.3606388888888889 0.015013020833333224 0.02424999999999993
1 0.6777395833333333 0.44276388888888885 0.03475000000000006 0.09667592592592594
1 0.7878411458333333 0.32538888888888884 0.01299739583333337 0.01679166666666671
1 0.8052630208333333 0.4114259259259259 0.009273437500000092 0.015648148148148126