1 0.73725 0.19583333333333333 0.015359375000000064 0.0322314814814815
1 0.6022369791666667 0.25685185185185183 0.010007812500000046 0.016212962962962943
1 0.5518984375 0.20425925925925925 0.01498437500000005 0.0274861111111111
1 0.5269453125 0.13348611111111108 0.007346354166666735 0.014601851851851835
1 0.5063359374999999 0.14963425925925924 0.011557291666666636 0.021541666666666643
0 0.49233593749999993 0.08441203703703705 0.023705729166666634 0.13903703703703701
1 0.45721354166666667 0.2174074074074074 0.015273437499999987 0.03030092592592595
1 0.49976041666666665 0.42757407407407405 0.010031250000000047 0.020486111111111132
1 0.41053645833333335 0.14512037037037037 0.009085937499999974 0.01721296296296298
1 0.3658177083333333 0.19095833333333334 0.011041666666666616 0.021541666666666643
1 0.3398098958333333 0.2401342592592593 0.005515625000000024 0.011884259259259226
1 0.24429427083333333 0.1399537037037037 0.009953125000000007 0.014393518518518543
1 0.05740104166666666 0.10531018518518517 0.011778645833333337 0.020236111111111107
1 0.21219270833333334 0.7186203703703704 0.008088541666666671 0.021222222222222302
1 0.5594609374999999 0.47479629629629627 0.01003385416666669 0.02007870370370372
1 0.6449505208333334 0.5140601851851851 0.009322916666666625 0.01877314814814805
1 0.6330052083333333 0.639361111111111 0.015013020833333224 0.02424999999999993
1 0.6777395833333333 0.5572361111111112 0.03475000000000006 0.09667592592592594
1 0.7878411458333333 0.6746111111111112 0.01299739583333337 0.01679166666666671
1 0.8052630208333333 0.588574074074074 0.009273437500000092 0.015648148148148126