1 0.7368385416666666 0.19765740740740742 0.016812499999999897 0.03164814814814814
1 0.6026744791666666 0.25668518518518524 0.009072916666666764 0.01694444444444443
1 0.5504192708333333 0.20410648148148147 0.009713541666666714 0.02015740740740742
1 0.5259765625 0.13065740740740742 0.0055312499999999876 0.010527777777777766
1 0.5071953125 0.14746296296296296 0.00809375000000001 0.017046296296296306
0 0.49435416666666665 0.08518055555555556 0.023049479166666664 0.1335925925925926
1 0.45773177083333333 0.21682407407407409 0.013302083333333381 0.024819444444444456
1 0.4105807291666667 0.14482870370370368 0.008914062500000042 0.01268055555555556
1 0.3675833333333333 0.19121296296296297 0.010794270833333286 0.01694444444444443
1 0.3412838541666667 0.24138425925925924 0.007468750000000024 0.015240740740740714
1 0.24395572916666666 0.14284722222222224 0.010411458333333345 0.015041666666666644
1 0.5005416666666667 0.4286157407407407 0.011549479166666654 0.02397222222222221
1 0.057320312500000005 0.10680092592592591 0.01304166666666666 0.022416666666666665
1 0.21112760416666668 0.7173194444444444 0.01028645833333336 0.017092592592592562
1 0.5594505208333334 0.47630555555555554 0.00948437499999999 0.023620370370370323
1 0.6447994791666667 0.5143564814814815 0.01153906250000003 0.015740740740740833
1 0.6779791666666667 0.5554953703703703 0.03268749999999998 0.0980185185185185
1 0.6326067708333334 0.6399537037037037 0.01560156250000011 0.023115740740740718
1 0.7868828125 0.6726898148148148 0.009210937500000016 0.015439814814814786
1 0.8046770833333333 0.5906898148148149 0.009752604166666679 0.014888888888888927