1 0.7368385416666666 0.8023425925925927 0.016812499999999897 0.03164814814814814
1 0.6026744791666666 0.7433148148148148 0.009072916666666764 0.01694444444444443
1 0.5504192708333333 0.7958935185185185 0.009713541666666714 0.02015740740740747
1 0.5259765625 0.8693425925925926 0.0055312499999999876 0.010527777777777716
1 0.5071953125 0.852537037037037 0.00809375000000001 0.017046296296296306
0 0.49435416666666665 0.9148194444444445 0.023049479166666664 0.13359259259259243
1 0.45773177083333333 0.7831759259259259 0.013302083333333381 0.02481944444444453
1 0.4105807291666667 0.8551712962962963 0.008914062500000042 0.01268055555555551
1 0.3675833333333333 0.808787037037037 0.010794270833333286 0.01694444444444443
1 0.3412838541666667 0.7586157407407408 0.007468750000000024 0.015240740740740617
1 0.24395572916666666 0.8571527777777779 0.010411458333333345 0.015041666666666644
1 0.5005416666666667 0.5713842592592593 0.011549479166666599 0.02397222222222221
1 0.057320312500000005 0.8931990740740741 0.01304166666666666 0.022416666666666727
1 0.21112760416666668 0.2826805555555556 0.01028645833333336 0.017092592592592562
1 0.5594505208333334 0.5236944444444445 0.00948437499999999 0.023620370370370323
1 0.6447994791666667 0.4856435185185185 0.01153906250000003 0.015740740740740833
1 0.6779791666666667 0.44450462962962967 0.03268749999999998 0.0980185185185185
1 0.6326067708333334 0.36004629629629625 0.01560156250000011 0.023115740740740718
1 0.7868828125 0.3273101851851852 0.009210937500000016 0.015439814814814786
1 0.8046770833333333 0.40931018518518514 0.009752604166666679 0.014888888888888927