1 0.7369895833333333 0.19760648148148147 0.016492187499999922 0.03597685185185186
1 0.6017864583333333 0.25699074074074074 0.00788020833333336 0.017546296296296324
1 0.5503750000000001 0.20416666666666666 0.011536458333333277 0.020444444444444463
1 0.5267760416666667 0.13231481481481483 0.0087890625 0.016541666666666652
1 0.507046875 0.14864351851851854 0.011335937499999948 0.020541666666666656
0 0.4988932291666667 0.0852824074074074 0.016244791666666647 0.1395509259259259
1 0.4575182291666666 0.214875 0.009966145833333329 0.019287037037037023
1 0.4994479166666667 0.4308240740740741 0.010791666666666644 0.021361111111111067
1 0.5584192708333333 0.47643518518518513 0.009557291666666634 0.017935185185185096
1 0.6443958333333333 0.5134351851851852 0.008601562499999993 0.017254629629629648
1 0.6786458333333333 0.5562222222222223 0.030213541666666677 0.09762037037037036
1 0.6331067708333333 0.636837962962963 0.014351562499999915 0.028740740740740733
1 0.7865755208333333 0.6722916666666667 0.008692708333333243 0.012824074074074055
1 0.8053958333333333 0.5912962962962963 0.010677083333333393 0.01755092592592591
1 0.4101328125 0.14471296296296296 0.008481770833333346 0.019625000000000004
1 0.3663020833333333 0.1920601851851852 0.008742187499999998 0.02054629629629629
0 0.3398151041666667 0.24020833333333336 0.008518229166666669 0.011768518518518492
1 0.24386979166666667 0.1415787037037037 0.00858072916666669 0.017699074074074093
1 0.056890625 0.1065787037037037 0.011205729166666664 0.01977314814814816
1 0.21110677083333332 0.7151527777777777 0.009481770833333347 0.023000000000000083