1 0.7369895833333333 0.8023935185185186 0.016492187499999922 0.03597685185185186
1 0.6017864583333333 0.7430092592592593 0.00788020833333336 0.017546296296296324
1 0.5503750000000001 0.7958333333333333 0.011536458333333277 0.02044444444444456
1 0.5267760416666667 0.8676851851851851 0.0087890625 0.0165416666666667
1 0.507046875 0.8513564814814815 0.011335937499999948 0.020541666666666656
0 0.4988932291666667 0.9147175925925927 0.01624479166666659 0.1395509259259258
1 0.4575182291666666 0.785125 0.009966145833333329 0.019287037037037023
1 0.4994479166666667 0.5691759259259259 0.010791666666666644 0.021361111111111067
1 0.5584192708333333 0.5235648148148149 0.009557291666666634 0.017935185185185096
1 0.6443958333333333 0.4865648148148149 0.008601562499999993 0.017254629629629648
1 0.6786458333333333 0.44377777777777777 0.030213541666666677 0.09762037037037036
1 0.6331067708333333 0.36316203703703703 0.014351562499999915 0.028740740740740733
1 0.7865755208333333 0.3277083333333333 0.008692708333333243 0.012824074074074055
1 0.8053958333333333 0.4087037037037036 0.010677083333333393 0.01755092592592591
1 0.4101328125 0.855287037037037 0.008481770833333346 0.019624999999999955
1 0.3663020833333333 0.8079398148148148 0.008742187499999998 0.020546296296296243
0 0.3398151041666667 0.7597916666666666 0.008518229166666669 0.011768518518518394
1 0.24386979166666667 0.8584212962962963 0.00858072916666669 0.017699074074074044
1 0.056890625 0.8934212962962964 0.011205729166666664 0.019773148148148085
1 0.21110677083333332 0.28484722222222225 0.009481770833333347 0.023000000000000083