1 0.7375572916666666 0.8037731481481482 0.018070312499999908 0.029694444444444516
1 0.6018281249999999 0.7432962962962963 0.007445312500000023 0.015625
1 0.5504322916666666 0.7964074074074073 0.012119791666666657 0.018217592592592605
1 0.5267890625 0.8671666666666666 0.009111979166666728 0.014592592592592664
1 0.5071354166666667 0.8499074074074074 0.012679687499999925 0.0235324074074074
1 0.45700260416666666 0.7820648148148148 0.011695312499999999 0.024337962962962853
0 0.4955625 0.9046620370370371 0.02986979166666659 0.11409722222222227
1 0.41086197916666667 0.8541574074074074 0.008265624999999943 0.015037037037037059
1 0.36689062499999997 0.808763888888889 0.00860937500000003 0.017574074074074037
0 0.3409375 0.7574907407407407 0.006908854166666645 0.010300925925926031
1 0.2439192708333333 0.8589398148148147 0.009156249999999977 0.014782407407407463
1 0.05711979166666667 0.8936249999999999 0.011932291666666678 0.019856481481481423
1 0.2111875 0.2829027777777778 0.010890624999999987 0.018097222222222185
1 0.49952864583333334 0.5709583333333332 0.009604166666666636 0.02059722222222228
1 0.5595286458333334 0.5239305555555556 0.009242187499999943 0.018814814814814913
1 0.6450312500000001 0.486375 0.008231770833333263 0.01948148148148141
1 0.6790104166666667 0.44416203703703716 0.031557291666666654 0.09588425925925925
1 0.6329479166666666 0.3622638888888889 0.014156250000000092 0.025203703703703714
1 0.7868411458333333 0.32658796296296294 0.01001302083333333 0.015865740740740836
1 0.8061927083333333 0.408 0.00809375000000001 0.01574537037037042