1 0.7375572916666666 0.19622685185185185 0.018070312499999908 0.02969444444444442
1 0.6018281249999999 0.2567037037037037 0.007445312500000023 0.015625
1 0.5504322916666666 0.2035925925925926 0.012119791666666657 0.018217592592592605
1 0.5267890625 0.13283333333333333 0.009111979166666728 0.014592592592592614
1 0.5071354166666667 0.15009259259259258 0.012679687499999925 0.0235324074074074
1 0.45700260416666666 0.21793518518518518 0.011695312499999999 0.024337962962962954
0 0.4955625 0.09533796296296296 0.029869791666666645 0.11409722222222222
1 0.41086197916666667 0.14584259259259258 0.008265624999999943 0.015037037037037009
1 0.36689062499999997 0.1912361111111111 0.00860937500000003 0.01757407407407409
0 0.3409375 0.24250925925925929 0.006908854166666645 0.010300925925925932
1 0.2439192708333333 0.14106018518518518 0.009156249999999977 0.014782407407407414
1 0.05711979166666667 0.10637500000000001 0.011932291666666671 0.019856481481481485
1 0.2111875 0.7170972222222223 0.010890624999999987 0.018097222222222185
1 0.49952864583333334 0.4290416666666667 0.009604166666666636 0.02059722222222218
1 0.5595286458333334 0.47606944444444443 0.009242187499999943 0.018814814814814913
1 0.6450312500000001 0.513625 0.008231770833333263 0.01948148148148141
1 0.6790104166666667 0.5558379629629628 0.031557291666666654 0.09588425925925925
1 0.6329479166666666 0.6377361111111112 0.014156250000000092 0.025203703703703714
1 0.7868411458333333 0.673412037037037 0.01001302083333333 0.015865740740740836
1 0.8061927083333333 0.5920000000000001 0.00809375000000001 0.01574537037037042