1 0.7371484375 0.8048703703703703 0.018841145833333295 0.03019907407407412
1 0.6001848958333333 0.7456018518518519 0.012523437500000068 0.01908796296296305
1 0.5512526041666667 0.7927546296296296 0.013541666666666563 0.029162037037037
1 0.5263229166666666 0.867462962962963 0.011885416666666648 0.013782407407407425
1 0.5064036458333333 0.8516574074074074 0.014070312499999904 0.023425925925925937
0 0.49386979166666667 0.9187361111111111 0.02608593749999999 0.13317592592592575
1 0.4566458333333333 0.7862824074074075 0.014677083333333285 0.02452314814814807
1 0.41080208333333335 0.8533657407407407 0.009515625000000028 0.024402777777777846
1 0.3669010416666667 0.8079212962962963 0.010088541666666617 0.015305555555555609
0 0.3383645833333333 0.7604953703703704 0.007401041666666663 0.015671296296296253
1 0.24304166666666666 0.860111111111111 0.009583333333333333 0.01860185185185179
1 0.05593489583333333 0.8948101851851852 0.014833333333333337 0.02611574074074083
1 0.21148958333333334 0.28514814814814815 0.01075260416666668 0.022569444444444444
1 0.5006458333333333 0.5732824074074074 0.01183072916666661 0.022027777777777757
1 0.5589869791666667 0.5233842592592592 0.009851562499999966 0.017449074074074034
1 0.6451614583333334 0.48590740740740734 0.008533854166666632 0.02428240740740743
1 0.67878125 0.44390740740740736 0.03127604166666664 0.09289814814814809
1 0.6310651041666666 0.36345833333333327 0.016807291666666613 0.029657407407407434
1 0.7860208333333334 0.3259212962962963 0.008432291666666591 0.016837962962962964
1 0.8049036458333333 0.4096990740740741 0.0072630208333333 0.012990740740740728