1 0.7371484375 0.19512962962962963 0.018841145833333295 0.030199074074074073
1 0.6001848958333333 0.25439814814814815 0.012523437500000068 0.019087962962962952
1 0.5512526041666667 0.20724537037037036 0.013541666666666563 0.029162037037037052
1 0.5263229166666666 0.132537037037037 0.011885416666666648 0.013782407407407425
1 0.5064036458333333 0.1483425925925926 0.01407031249999996 0.023425925925925937
0 0.49386979166666667 0.08126388888888889 0.02608593749999999 0.13317592592592592
1 0.4566458333333333 0.21371759259259257 0.014677083333333285 0.02452314814814814
1 0.41080208333333335 0.14663425925925927 0.009515625000000028 0.024402777777777798
1 0.3669010416666667 0.1920787037037037 0.010088541666666617 0.01530555555555556
0 0.3383645833333333 0.23950462962962962 0.007401041666666663 0.015671296296296253
1 0.24304166666666666 0.1398888888888889 0.009583333333333333 0.018601851851851838
1 0.05593489583333333 0.10518981481481483 0.014833333333333337 0.026115740740740745
1 0.21148958333333334 0.7148518518518518 0.01075260416666668 0.022569444444444444
1 0.5006458333333333 0.42671759259259257 0.011830729166666665 0.022027777777777757
1 0.5589869791666667 0.47661574074074076 0.009851562499999966 0.017449074074074034
1 0.6451614583333334 0.5140925925925927 0.008533854166666632 0.02428240740740743
1 0.67878125 0.5560925925925927 0.03127604166666664 0.09289814814814809
1 0.6310651041666666 0.6365416666666667 0.016807291666666613 0.029657407407407434
1 0.7860208333333334 0.6740787037037037 0.008432291666666591 0.016837962962962964
1 0.8049036458333333 0.5903009259259259 0.0072630208333333 0.012990740740740728