1 0.7368177083333334 0.19693055555555555 0.017705729166666684 0.028629629629629633
1 0.6020703125 0.25752777777777774 0.008494791666666668 0.017768518518518524
1 0.5507135416666666 0.20224074074074072 0.013934895833333405 0.02551851851851852
1 0.5267916666666667 0.13119444444444445 0.008283854166666771 0.009148148148148127
1 0.508203125 0.14994907407407407 0.015080729166666584 0.024467592592592593
0 0.49877604166666667 0.08198148148148149 0.025346354166666696 0.13574537037037038
1 0.46035937499999996 0.22146296296296297 0.015661458333333322 0.026986111111111107
1 0.500046875 0.4270555555555556 0.008276041666666678 0.021930555555555564
1 0.4107369791666667 0.1445462962962963 0.00912500000000005 0.016837962962962964
1 0.36540364583333335 0.19018055555555555 0.009971354166666613 0.01830092592592594
1 0.33953385416666665 0.2406851851851852 0.00755468749999999 0.014717592592592569
1 0.243203125 0.14199537037037036 0.00802604166666665 0.014898148148148148
1 0.558890625 0.4750138888888889 0.010679687499999924 0.01854166666666658
1 0.6453333333333333 0.5141574074074073 0.008854166666666607 0.0165416666666667
1 0.6338098958333334 0.6367037037037037 0.016708333333333325 0.035550925925926
1 0.6784348958333334 0.5557129629629629 0.036432291666666616 0.09542129629629631
1 0.7863984374999999 0.6729444444444445 0.009901041666666721 0.016125000000000018
1 0.8051015625 0.5898703703703703 0.007494791666666778 0.01794907407407405
1 0.05623177083333333 0.10889351851851853 0.016781249999999998 0.024763888888888894
1 0.21057552083333334 0.7177870370370371 0.009919270833333327 0.021287037037037097