1 0.73696875 0.19587962962962963 0.01788020833333337 0.029620370370370352
1 0.602359375 0.2592824074074074 0.010380208333333307 0.01642592592592597
1 0.5507239583333334 0.2038287037037037 0.013263020833333306 0.022870370370370343
1 0.5261875 0.13318518518518518 0.007424479166666664 0.014712962962962983
1 0.5587447916666667 0.4766527777777777 0.009234374999999906 0.016087962962962936
1 0.6460052083333333 0.5137268518518519 0.00889062500000004 0.01818055555555552
1 0.6317760416666667 0.6374212962962962 0.016330729166666558 0.024694444444444526
1 0.6783515625 0.5564074074074074 0.033434895833333256 0.10285185185185182
1 0.7859427083333334 0.6729953703703704 0.010447916666666668 0.014861111111111016
1 0.8058593749999999 0.5903055555555555 0.01051822916666656 0.015550925925925836
1 0.4993359375 0.4281759259259259 0.009307291666666662 0.019324074074074105
1 0.45770572916666663 0.21663888888888888 0.014059895833333336 0.02378703703703702
1 0.5074635416666666 0.1495185185185185 0.009354166666666774 0.02199537037037036
1 0.4949192708333333 0.09534259259259259 0.022861979166666657 0.16206018518518517
1 0.4105182291666667 0.14366666666666666 0.008471354166666667 0.015087962962962949
1 0.36677604166666666 0.19105555555555556 0.010153645833333336 0.017907407407407386
0 0.3413072916666666 0.24288425925925924 0.007466145833333382 0.017944444444444468
1 0.24473958333333332 0.1422175925925926 0.010427083333333309 0.017685185185185186
1 0.05765624999999999 0.10495370370370369 0.010697916666666661 0.01795370370370371
1 0.21124479166666665 0.7160555555555557 0.009835937500000003 0.019319444444444518