1 0.73696875 0.8041203703703704 0.01788020833333337 0.029620370370370352
1 0.602359375 0.7407175925925925 0.010380208333333307 0.016425925925926066
1 0.5507239583333334 0.7961712962962963 0.013263020833333306 0.022870370370370294
1 0.5261875 0.8668148148148148 0.007424479166666664 0.014712962962962884
1 0.5587447916666667 0.5233472222222223 0.009234374999999906 0.016087962962962936
1 0.6460052083333333 0.4862731481481481 0.00889062500000004 0.01818055555555552
1 0.6317760416666667 0.36257870370370376 0.016330729166666558 0.024694444444444526
1 0.6783515625 0.44359259259259265 0.033434895833333256 0.10285185185185182
1 0.7859427083333334 0.3270046296296296 0.010447916666666668 0.014861111111111016
1 0.8058593749999999 0.4096944444444445 0.01051822916666656 0.015550925925925836
1 0.4993359375 0.5718240740740741 0.009307291666666662 0.019324074074074105
1 0.45770572916666663 0.7833611111111112 0.014059895833333336 0.023787037037036995
1 0.5074635416666666 0.8504814814814815 0.009354166666666774 0.021995370370370262
1 0.4949192708333333 0.9046574074074074 0.022861979166666657 0.16206018518518503
1 0.4105182291666667 0.8563333333333333 0.008471354166666667 0.015087962962962899
1 0.36677604166666666 0.8089444444444445 0.010153645833333336 0.017907407407407386
0 0.3413072916666666 0.7571157407407407 0.007466145833333382 0.017944444444444468
1 0.24473958333333332 0.8577824074074074 0.010427083333333309 0.017685185185185286
1 0.05765624999999999 0.8950462962962962 0.010697916666666668 0.01795370370370364
1 0.21124479166666665 0.2839444444444444 0.009835937500000003 0.019319444444444518