1 0.3388958333333333 0.2749583333333333 0.009442708333333383 0.01627314814814815
1 0.49301822916666665 0.8451759259259259 0.012869791666666686 0.02072685185185187
1 0.5750234375000001 0.2905 0.007986979166666686 0.01845833333333334
1 0.703453125 0.3395138888888889 0.010601562499999995 0.018546296296296266
1 0.7596328124999999 0.2924629629629629 0.009161458333333261 0.020777777777777808
1 0.8140052083333333 0.37113888888888885 0.01584895833333344 0.03201388888888888
1 0.8760651041666667 0.29768055555555556 0.01578385416666661 0.026393518518518552
1 0.8729791666666666 0.23659722222222224 0.02045052083333343 0.19405092592592588
1 0.8916328124999999 0.2665046296296296 0.011247395833333229 0.021847222222222226
1 0.9283177083333333 0.35742129629629626 0.01416666666666666 0.02465277777777776
1 0.9724765624999999 0.4091805555555556 0.012171874999999943 0.024606481481481503
1 0.8623515624999999 0.6206805555555556 0.014101562500000053 0.030138888888888913
1 0.938328125 0.6857777777777777 0.015223958333333343 0.023050925925925923