1 0.3388958333333333 0.7250416666666667 0.009442708333333383 0.01627314814814815
1 0.49301822916666665 0.15482407407407411 0.012869791666666686 0.02072685185185187
1 0.5750234375000001 0.7095 0.007986979166666686 0.01845833333333344
1 0.703453125 0.6604861111111111 0.010601562499999995 0.018546296296296363
1 0.7596328124999999 0.7075370370370371 0.009161458333333261 0.02077777777777791
1 0.8140052083333333 0.6288611111111112 0.01584895833333344 0.03201388888888898
1 0.8760651041666667 0.7023194444444445 0.01578385416666661 0.026393518518518552
1 0.8729791666666666 0.7634027777777779 0.02045052083333343 0.19405092592592588
1 0.8916328124999999 0.7334953703703704 0.011247395833333229 0.021847222222222327
1 0.9283177083333333 0.6425787037037037 0.01416666666666666 0.02465277777777766
1 0.9724765624999999 0.5908194444444445 0.012171874999999943 0.024606481481481604
1 0.8623515624999999 0.37931944444444443 0.014101562500000053 0.030138888888888913
1 0.938328125 0.31422222222222224 0.015223958333333343 0.023050925925925923