1 0.7368723958333334 0.1966064814814815 0.017817708333333293 0.03432407407407408
1 0.6013645833333333 0.2562685185185185 0.00946354166666663 0.01947685185185182
1 0.5503697916666667 0.20526388888888888 0.015028645833333298 0.025226851851851844
1 0.5263671875 0.13363425925925926 0.010999999999999899 0.021416666666666688
1 0.41119791666666666 0.14434259259259258 0.008859375000000003 0.016425925925925917
1 0.458265625 0.2172962962962963 0.014450520833333313 0.03133333333333334
1 0.506953125 0.1487453703703704 0.01020312500000009 0.02523148148148148
1 0.4981536458333333 0.09509722222222222 0.01789322916666669 0.15669444444444444
1 0.4991770833333333 0.4278240740740741 0.011885416666666648 0.023467592592592606
1 0.5588567708333334 0.47615740740740736 0.009424479166666666 0.017662037037036962
1 0.6438619791666667 0.5140416666666666 0.012450520833333423 0.02053703703703707
1 0.6329661458333333 0.6378796296296296 0.014427083333333313 0.025226851851851844
1 0.679078125 0.5549490740740741 0.03117968750000011 0.09600925925925925
1 0.7864583333333334 0.6731527777777777 0.012401041666666668 0.0165416666666667
1 0.8049973958333333 0.5908703703703703 0.009666666666666712 0.016782407407407343
1 0.3664453125 0.19302777777777777 0.007893229166666682 0.0197685185185185
0 0.33890625 0.23900925925925925 0.007489583333333383 0.013486111111111063
1 0.24322135416666668 0.13976388888888888 0.008653645833333334 0.013611111111111117
1 0.0564296875 0.10554629629629629 0.013020833333333329 0.022296296296296283
1 0.21024739583333332 0.7153240740740741 0.009856770833333306 0.01742129629629632