1 0.7368723958333334 0.8033935185185185 0.017817708333333293 0.03432407407407408
1 0.6013645833333333 0.7437314814814815 0.00946354166666663 0.01947685185185182
1 0.5503697916666667 0.7947361111111112 0.015028645833333298 0.025226851851851844
1 0.5263671875 0.8663657407407407 0.010999999999999899 0.021416666666666688
1 0.41119791666666666 0.8556574074074075 0.008859375000000003 0.016425925925925868
1 0.458265625 0.7827037037037037 0.014450520833333313 0.03133333333333334
1 0.506953125 0.8512546296296297 0.01020312500000009 0.025231481481481428
1 0.4981536458333333 0.9049027777777778 0.01789322916666669 0.15669444444444458
1 0.4991770833333333 0.5721759259259259 0.011885416666666648 0.023467592592592606
1 0.5588567708333334 0.5238425925925926 0.009424479166666666 0.017662037037036962
1 0.6438619791666667 0.4859583333333334 0.012450520833333423 0.02053703703703707
1 0.6329661458333333 0.3621203703703704 0.014427083333333313 0.025226851851851844
1 0.679078125 0.44505092592592593 0.03117968750000011 0.09600925925925925
1 0.7864583333333334 0.32684722222222223 0.012401041666666668 0.0165416666666667
1 0.8049973958333333 0.4091296296296297 0.009666666666666712 0.016782407407407343
1 0.3664453125 0.8069722222222223 0.007893229166666682 0.0197685185185185
0 0.33890625 0.7609907407407408 0.007489583333333383 0.013486111111110964
1 0.24322135416666668 0.8602361111111111 0.008653645833333334 0.013611111111111166
1 0.0564296875 0.8944537037037037 0.013020833333333329 0.022296296296296307
1 0.21024739583333332 0.28467592592592594 0.009856770833333306 0.01742129629629632