1 0.7391067708333333 0.19589814814814815 0.019671875000000005 0.035027777777777755
1 0.5507421874999999 0.20541666666666666 0.013135416666666622 0.0233101851851852
1 0.6016666666666667 0.2580925925925926 0.013627604166666751 0.025384259259259245
1 0.5269427083333333 0.13330092592592593 0.011276041666666625 0.01861111111111111
1 0.5060494791666666 0.15020833333333333 0.014601562499999998 0.02386111111111111
1 0.4981510416666667 0.09380555555555556 0.013911458333333293 0.1703472222222222
1 0.4098489583333333 0.14275925925925925 0.01193229166666665 0.019949074074074077
1 0.45828385416666667 0.21927314814814813 0.016716145833333362 0.02684259259259261
1 0.4994895833333334 0.4298240740740741 0.012606770833333336 0.021648148148148156
1 0.5586380208333334 0.47655092592592585 0.010390625000000098 0.023912037037037
1 0.6454817708333334 0.5114027777777779 0.009794270833333396 0.018902777777777838
1 0.6759244791666668 0.5533101851851853 0.029270833333333357 0.10161574074074073
1 0.6335677083333333 0.6363518518518518 0.014393229166666632 0.027083333333333372
1 0.786546875 0.6721527777777777 0.011341145833333233 0.014083333333333274
1 0.8058802083333333 0.5892314814814815 0.010453124999999952 0.016342592592592534
1 0.3664296875 0.19311574074074075 0.012236979166666662 0.023976851851851846
0 0.3398333333333333 0.23727777777777778 0.009104166666666691 0.02110648148148147
1 0.24299739583333332 0.14041203703703706 0.01320052083333334 0.020745370370370362
1 0.05688020833333333 0.10562037037037035 0.011781250000000007 0.017083333333333325
1 0.21056510416666668 0.7153981481481481 0.010755208333333321 0.019273148148148067