1 0.7391067708333333 0.8041018518518519 0.019671875000000005 0.03502777777777785
1 0.5507421874999999 0.7945833333333333 0.013135416666666622 0.023310185185185104
1 0.6016666666666667 0.7419074074074073 0.013627604166666751 0.025384259259259148
1 0.5269427083333333 0.8666990740740741 0.011276041666666625 0.018611111111111158
1 0.5060494791666666 0.8497916666666667 0.014601562499999998 0.02386111111111116
1 0.4981510416666667 0.9061944444444444 0.013911458333333293 0.17034722222222204
1 0.4098489583333333 0.8572407407407407 0.01193229166666665 0.01994907407407413
1 0.45828385416666667 0.7807268518518519 0.016716145833333362 0.026842592592592536
1 0.4994895833333334 0.5701759259259259 0.01260677083333328 0.021648148148148156
1 0.5586380208333334 0.5234490740740741 0.010390625000000098 0.023912037037037
1 0.6454817708333334 0.4885972222222221 0.009794270833333396 0.018902777777777838
1 0.6759244791666668 0.44668981481481473 0.029270833333333357 0.10161574074074073
1 0.6335677083333333 0.36364814814814816 0.014393229166666632 0.027083333333333372
1 0.786546875 0.3278472222222223 0.011341145833333233 0.014083333333333274
1 0.8058802083333333 0.41076851851851853 0.010453124999999952 0.016342592592592534
1 0.3664296875 0.8068842592592592 0.012236979166666662 0.023976851851851794
0 0.3398333333333333 0.7627222222222222 0.009104166666666691 0.02110648148148147
1 0.24299739583333332 0.8595879629629629 0.01320052083333334 0.02074537037037041
1 0.05688020833333333 0.8943796296296297 0.011781250000000007 0.01708333333333319
1 0.21056510416666668 0.2846018518518519 0.010755208333333321 0.019273148148148067