1 0.7366666666666667 0.8015555555555556 0.01922916666666663 0.03424537037037033
1 0.6016536458333333 0.7436851851851851 0.010671875000000108 0.017523148148148
1 0.5497291666666667 0.7956203703703704 0.01113541666666662 0.0188194444444445
1 0.5071484375 0.8497870370370371 0.014486979166666636 0.02368055555555553
1 0.5265729166666666 0.8670277777777778 0.008174479166666693 0.01649537037037045
1 0.4581692708333333 0.7842962962962963 0.01497395833333337 0.024611111111111188
1 0.41163802083333334 0.8542731481481481 0.008161458333333371 0.014712962962963082
1 0.4999713541666666 0.5708842592592593 0.013679687500000037 0.017115740740740886
1 0.5592734375 0.5240092592592592 0.00900260416666665 0.016129629629629605
1 0.6456640625 0.48694444444444446 0.008372395833333268 0.016402777777777742
1 0.6802291666666667 0.4450648148148148 0.034601562500000016 0.0985555555555556
1 0.6326171875 0.36188425925925927 0.018403645833333426 0.02647685185185189
1 0.786421875 0.3265833333333334 0.009906250000000005 0.016800925925925882
1 0.8052786458333333 0.4104305555555556 0.008330729166666773 0.017699074074074044
1 0.36709114583333335 0.807912037037037 0.010289062499999946 0.016717592592592548
1 0.24341666666666667 0.8585092592592592 0.007697916666666693 0.012662037037036968
0 0.3407786458333333 0.7560972222222222 0.008770833333333283 0.0165740740740742
1 0.05680729166666666 0.8943379629629631 0.01661458333333332 0.025092592592592666
1 0.212296875 0.28426851851851853 0.009236979166666659 0.021199074074073978