1 0.7366666666666667 0.19844444444444442 0.01922916666666663 0.03424537037037038
1 0.6016536458333333 0.2563148148148148 0.010671875000000108 0.0175231481481481
1 0.5497291666666667 0.2043796296296296 0.01113541666666662 0.01881944444444445
1 0.5071484375 0.15021296296296296 0.014486979166666636 0.02368055555555553
1 0.5265729166666666 0.13297222222222224 0.008174479166666693 0.016495370370370348
1 0.4581692708333333 0.21570370370370373 0.01497395833333337 0.024611111111111115
1 0.41163802083333334 0.14572685185185186 0.008161458333333371 0.014712962962962983
1 0.4999713541666666 0.4291157407407407 0.013679687499999982 0.017115740740740785
1 0.5592734375 0.4759907407407408 0.00900260416666665 0.016129629629629605
1 0.6456640625 0.5130555555555555 0.008372395833333268 0.016402777777777742
1 0.6802291666666667 0.5549351851851853 0.034601562500000016 0.0985555555555556
1 0.6326171875 0.6381157407407407 0.018403645833333426 0.02647685185185189
1 0.786421875 0.6734166666666667 0.009906250000000005 0.016800925925925882
1 0.8052786458333333 0.5895694444444444 0.008330729166666773 0.017699074074074044
1 0.36709114583333335 0.19208796296296296 0.010289062499999946 0.016717592592592596
1 0.24341666666666667 0.14149074074074075 0.007697916666666693 0.012662037037037019
0 0.3407786458333333 0.24390277777777777 0.008770833333333283 0.0165740740740741
1 0.05680729166666666 0.10566203703703703 0.01661458333333333 0.025092592592592593
1 0.212296875 0.7157314814814815 0.009236979166666659 0.021199074074073978