1 0.21188802083333333 0.7170138888888888 0.010437499999999988 0.01929629629629639
1 0.056989583333333343 0.10743981481481481 0.016283854166666674 0.02041203703703704
1 0.244140625 0.14028703703703702 0.008140625000000012 0.013361111111111108
1 0.3680390625 0.19205555555555553 0.012106770833333336 0.018925925925925915
1 0.41062499999999996 0.14492592592592593 0.008768229166666641 0.015217592592592588
1 0.45728385416666667 0.21766666666666667 0.014403645833333312 0.024125
1 0.50790625 0.14975 0.01294270833333333 0.023379629629629632
1 0.5272161458333333 0.13119444444444445 0.008140625000000012 0.015958333333333345
1 0.5495546875 0.203375 0.011065104166666728 0.017814814814814825
1 0.6020572916666667 0.2557037037037037 0.01085416666666661 0.018555555555555533
1 0.7372265625 0.19632407407407407 0.016492187499999922 0.028949074074074075
1 0.49997395833333336 0.42901851851851847 0.01294270833333333 0.02375000000000001
1 0.5593645833333334 0.47707870370370364 0.010645833333333243 0.020412037037037065
1 0.6455833333333333 0.5151203703703704 0.010229166666666734 0.022268518518518594
1 0.68253125 0.5524166666666667 0.040289062500000083 0.09463888888888879
1 0.6345182291666667 0.6414861111111111 0.016492187499999922 0.024124999999999928
1 0.8052812500000001 0.5906435185185185 0.008976562500000007 0.015958333333333345
1 0.7864947916666666 0.6730324074074074 0.009812500000000002 0.015958333333333345