1 0.21188802083333333 0.2829861111111111 0.010437499999999988 0.01929629629629639
1 0.056989583333333343 0.8925601851851853 0.016283854166666667 0.020412037037036868
1 0.244140625 0.859712962962963 0.008140625000000012 0.013361111111111157
1 0.3680390625 0.8079444444444444 0.012106770833333336 0.018925925925925964
1 0.41062499999999996 0.8550740740740741 0.008768229166666641 0.015217592592592687
1 0.45728385416666667 0.7823333333333333 0.014403645833333312 0.024124999999999928
1 0.50790625 0.8502500000000001 0.01294270833333333 0.02337962962962968
1 0.5272161458333333 0.8688055555555556 0.008140625000000012 0.015958333333333345
1 0.5495546875 0.796625 0.011065104166666728 0.017814814814814877
1 0.6020572916666667 0.7442962962962962 0.01085416666666661 0.018555555555555533
1 0.7372265625 0.8036759259259258 0.016492187499999922 0.028949074074074075
1 0.49997395833333336 0.5709814814814815 0.01294270833333333 0.02375000000000011
1 0.5593645833333334 0.5229212962962964 0.010645833333333243 0.020412037037037065
1 0.6455833333333333 0.4848796296296296 0.010229166666666734 0.022268518518518594
1 0.68253125 0.44758333333333333 0.040289062500000083 0.09463888888888879
1 0.6345182291666667 0.3585138888888889 0.016492187499999922 0.024124999999999928
1 0.8052812500000001 0.40935648148148146 0.008976562500000007 0.015958333333333345
1 0.7864947916666666 0.32696759259259256 0.009812500000000002 0.015958333333333345