1 0.3353802083333333 0.7242175925925926 0.013869791666666687 0.02284259259259258
1 0.48901562499999995 0.15873148148148145 0.008765624999999999 0.016870370370370463
1 0.5716302083333333 0.7119027777777779 0.009450520833333309 0.01890740740740742
1 0.6992135416666667 0.664611111111111 0.010734374999999963 0.022078703703703795
1 0.7553541666666667 0.7086018518518519 0.00989062499999993 0.018652777777777827
1 0.8103437499999999 0.6250324074074075 0.01638802083333335 0.02810648148148134
1 0.8666979166666666 0.7609120370370371 0.017260416666666778 0.18941666666666673
1 0.8864114583333333 0.7339953703703704 0.00783593749999989 0.02386111111111096
1 0.9263020833333333 0.6432175925925926 0.013059895833333224 0.0225833333333334
1 0.97003125 0.5897037037037037 0.009893229166666684 0.0222037037037036
1 0.8576796874999999 0.38332870370370364 0.015294270833333234 0.02474074074074078
1 0.9324270833333334 0.3175324074074074 0.014382812500000064 0.022643518518518608