1 0.3353802083333333 0.27578240740740745 0.013869791666666687 0.02284259259259258
1 0.48901562499999995 0.8412685185185186 0.008765624999999999 0.016870370370370463
1 0.5716302083333333 0.2880972222222222 0.009450520833333309 0.01890740740740742
1 0.6992135416666667 0.33538888888888896 0.010734374999999963 0.022078703703703698
1 0.7553541666666667 0.29139814814814813 0.00989062499999993 0.018652777777777827
1 0.8103437499999999 0.37496759259259255 0.01638802083333335 0.02810648148148144
1 0.8666979166666666 0.23908796296296295 0.017260416666666778 0.18941666666666665
1 0.8864114583333333 0.2660046296296297 0.00783593749999989 0.023861111111111062
1 0.9263020833333333 0.3567824074074074 0.013059895833333224 0.022583333333333303
1 0.97003125 0.4102962962962963 0.009893229166666684 0.0222037037037037
1 0.8576796874999999 0.6166712962962964 0.015294270833333234 0.02474074074074078
1 0.9324270833333334 0.6824675925925926 0.014382812500000064 0.022643518518518608