1 0.8827239583333333 0.3251944444444444 0.020393229166666638 0.03813888888888892
1 0.7116640625 0.3918703703703704 0.011968750000000083 0.02216666666666662
1 0.6519921875 0.34014814814814814 0.013192708333333414 0.017259259259259235
1 0.6293411458333333 0.25434259259259256 0.009598958333333352 0.017319444444444443
1 0.6050520833333334 0.28176851851851853 0.012450520833333423 0.02341203703703708
1 0.597734375 0.22801388888888885 0.020098958333333306 0.17493518518518522
1 0.5489427083333334 0.3542546296296296 0.014505208333333242 0.02820370370370373
1 0.5034296875000001 0.27702777777777776 0.01090624999999995 0.0190092592592593
1 0.4599036458333333 0.3219490740740741 0.008419270833333381 0.01945833333333338
1 0.5851822916666667 0.5849861111111111 0.014419270833333275 0.025435185185185186
1 0.65115625 0.6448055555555556 0.012658854166666567 0.023175925925925926
1 0.7520364583333333 0.7025972222222222 0.01157291666666671 0.020921296296296257
1 0.7312239583333333 0.836824074074074 0.015091145833333375 0.02831481481481488
1 0.7899453125 0.7659722222222222 0.0348229166666667 0.11923148148148144
1 0.341703125 0.2718935185185185 0.00914843750000005 0.01991666666666663
1 0.14138802083333332 0.2579212962962963 0.01078645833333336 0.017370370370370383
1 0.29463802083333335 0.8119351851851851 0.011015624999999973 0.01815277777777781
1 0.9237526041666667 0.9090324074074074 0.014455729166666709 0.02340277777777781
1 0.9558359375 0.8126712962962963 0.010622395833333353 0.018611111111111158