1 0.8827239583333333 0.6748055555555555 0.020393229166666638 0.03813888888888902
1 0.7116640625 0.6081296296296296 0.011968750000000083 0.022166666666666716
1 0.6519921875 0.6598518518518518 0.013192708333333414 0.017259259259259235
1 0.6293411458333333 0.7456574074074074 0.009598958333333352 0.017319444444444443
1 0.6050520833333334 0.7182314814814814 0.012450520833333423 0.02341203703703698
1 0.597734375 0.771986111111111 0.020098958333333306 0.17493518518518533
1 0.5489427083333334 0.6457453703703704 0.014505208333333242 0.028203703703703634
1 0.5034296875000001 0.7229722222222222 0.010906249999999895 0.0190092592592593
1 0.4599036458333333 0.6780509259259259 0.008419270833333381 0.01945833333333348
1 0.5851822916666667 0.4150138888888889 0.014419270833333275 0.025435185185185186
1 0.65115625 0.3551944444444444 0.012658854166666567 0.023175925925925926
1 0.7520364583333333 0.29740277777777785 0.01157291666666671 0.020921296296296257
1 0.7312239583333333 0.163175925925926 0.015091145833333375 0.02831481481481488
1 0.7899453125 0.2340277777777778 0.0348229166666667 0.11923148148148144
1 0.341703125 0.7281064814814815 0.00914843750000005 0.01991666666666663
1 0.14138802083333332 0.7420787037037037 0.01078645833333336 0.017370370370370283
1 0.29463802083333335 0.18806481481481482 0.011015624999999973 0.01815277777777781
1 0.9237526041666667 0.0909675925925926 0.014455729166666709 0.02340277777777781
1 0.9558359375 0.18732870370370375 0.010622395833333353 0.018611111111111158