1 0.8749557291666666 0.3257222222222222 0.02499999999999991 0.039782407407407426
1 0.7056458333333333 0.3912777777777777 0.013317708333333345 0.025865740740740724
1 0.6452786458333333 0.3418703703703704 0.006296875000000091 0.016037037037037
1 0.6220989583333334 0.2533009259259259 0.009380208333333417 0.012504629629629664
1 0.599390625 0.28275462962962966 0.015877604166666615 0.02745833333333329
1 0.5906015625 0.2254398148148148 0.015601562499999888 0.16772685185185185
1 0.49831510416666663 0.2776898148148148 0.01334635416666663 0.021717592592592636
1 0.4546171875 0.3198657407407407 0.009385416666666702 0.020374999999999983
1 0.5438463541666666 0.35218518518518516 0.012945312500000083 0.028981481481481473
1 0.5814322916666667 0.5826064814814815 0.01333333333333342 0.02397222222222221
1 0.6465546875 0.6419675925925926 0.009468749999999915 0.02293518518518509
1 0.7438723958333333 0.6973287037037037 0.011278645833333378 0.017199074074074023
1 0.7246770833333334 0.832962962962963 0.01738541666666671 0.029162037037037
1 0.7801015625000001 0.7612407407407408 0.03429427083333336 0.10546296296296297
1 0.9171093749999999 0.9047407407407407 0.012895833333333329 0.021101851851851688
1 0.9476718749999999 0.8101018518518518 0.012216145833333414 0.017504629629629658
1 0.3356015625 0.2712175925925926 0.00991145833333329 0.017569444444444453
1 0.13672656249999998 0.25696759259259255 0.012023437500000012 0.014337962962962969
1 0.2905494791666667 0.8086111111111111 0.010036458333333331 0.020013888888888925