1 0.8749557291666666 0.6742777777777778 0.02499999999999991 0.039782407407407426
1 0.7056458333333333 0.6087222222222223 0.013317708333333345 0.02586574074074082
1 0.6452786458333333 0.6581296296296296 0.006296875000000091 0.0160370370370369
1 0.6220989583333334 0.746699074074074 0.009380208333333417 0.012504629629629664
1 0.599390625 0.7172453703703704 0.015877604166666615 0.027458333333333387
1 0.5906015625 0.7745601851851851 0.015601562499999888 0.1677268518518519
1 0.49831510416666663 0.7223101851851852 0.01334635416666663 0.021717592592592736
1 0.4546171875 0.6801342592592593 0.009385416666666702 0.020374999999999983
1 0.5438463541666666 0.6478148148148148 0.012945312500000083 0.02898148148148157
1 0.5814322916666667 0.41739351851851847 0.01333333333333342 0.02397222222222221
1 0.6465546875 0.3580324074074073 0.009468749999999915 0.02293518518518509
1 0.7438723958333333 0.3026712962962963 0.011278645833333378 0.017199074074074023
1 0.7246770833333334 0.16703703703703698 0.01738541666666671 0.029162037037037
1 0.7801015625000001 0.23875925925925923 0.03429427083333336 0.10546296296296297
1 0.9171093749999999 0.09525925925925922 0.012895833333333329 0.021101851851851688
1 0.9476718749999999 0.1898981481481482 0.012216145833333414 0.017504629629629658
1 0.3356015625 0.7287824074074074 0.00991145833333329 0.017569444444444453
1 0.13672656249999998 0.7430324074074074 0.012023437500000012 0.01433796296296287
1 0.2905494791666667 0.19138888888888891 0.010036458333333331 0.020013888888888925