1 0.8720598958333333 0.6740092592592593 0.020588541666666682 0.04068518518518517
1 0.7034739583333334 0.6100972222222222 0.011856770833333252 0.022532407407407362
1 0.6424062500000001 0.6571712962962963 0.014057291666666583 0.027092592592592543
1 0.6199427083333333 0.7448333333333333 0.012921874999999972 0.018601851851851987
1 0.5962578125 0.7189953703703704 0.011692708333333357 0.018833333333333258
1 0.5880677083333333 0.7794722222222222 0.013296874999999986 0.16758333333333336
1 0.4936510416666666 0.7248657407407407 0.007450520833333307 0.018212962962963018
1 0.5403177083333334 0.6485601851851851 0.013197916666666698 0.026240740740740637
1 0.5768567708333333 0.41651388888888896 0.009645833333333353 0.016268518518518564
1 0.4501354166666667 0.6795324074074074 0.011916666666666687 0.017129629629629644
1 0.6410755208333333 0.3566157407407407 0.00983333333333336 0.020675925925925834
1 0.7415104166666667 0.29800000000000004 0.009729166666666567 0.023916666666666586
1 0.7222838541666667 0.16820370370370372 0.014286458333333307 0.029097222222222205
1 0.7785963541666666 0.2367129629629629 0.034635416666666696 0.10895833333333332
1 0.9145494791666666 0.09170370370370368 0.01563802083333332 0.020833333333333332
1 0.9445078124999999 0.18785648148148149 0.01221354166666666 0.0231527777777778
1 0.3318697916666667 0.7319305555555555 0.008416666666666628 0.022157407407407546
1 0.13382552083333332 0.7400416666666667 0.014276041666666683 0.019837962962963078
1 0.2875520833333333 0.19264814814814812 0.013619791666666714 0.021912037037037122