1 0.8720598958333333 0.32599074074074075 0.020588541666666682 0.04068518518518517
1 0.7034739583333334 0.38990277777777776 0.011856770833333252 0.022532407407407362
1 0.6424062500000001 0.3428287037037037 0.014057291666666583 0.027092592592592543
1 0.6199427083333333 0.25516666666666665 0.012921874999999972 0.018601851851851887
1 0.5962578125 0.28100462962962963 0.011692708333333357 0.018833333333333355
1 0.5880677083333333 0.22052777777777777 0.013296874999999986 0.1675833333333333
1 0.4936510416666666 0.2751342592592592 0.007450520833333307 0.018212962962962917
1 0.5403177083333334 0.35143981481481484 0.013197916666666698 0.026240740740740738
1 0.5768567708333333 0.583486111111111 0.009645833333333353 0.016268518518518564
1 0.4501354166666667 0.3204675925925926 0.011916666666666687 0.017129629629629644
1 0.6410755208333333 0.6433842592592592 0.00983333333333336 0.020675925925925834
1 0.7415104166666667 0.702 0.009729166666666567 0.023916666666666586
1 0.7222838541666667 0.8317962962962963 0.014286458333333307 0.029097222222222205
1 0.7785963541666666 0.763287037037037 0.034635416666666696 0.10895833333333332
1 0.9145494791666666 0.9082962962962964 0.01563802083333332 0.020833333333333332
1 0.9445078124999999 0.8121435185185185 0.01221354166666666 0.0231527777777778
1 0.3318697916666667 0.2680694444444444 0.008416666666666628 0.022157407407407445
1 0.13382552083333332 0.2599583333333333 0.014276041666666683 0.01983796296296298
1 0.2875520833333333 0.8073518518518519 0.013619791666666714 0.021912037037037122