1 0.09872395833333333 0.24963888888888888 0.00780729166666666 0.01726388888888892
1 0.20839322916666667 0.2977037037037037 0.009330729166666663 0.01590740740740741
1 0.24295052083333332 0.2567453703703704 0.009138020833333316 0.019291666666666707
1 0.2844583333333333 0.3301990740740741 0.01599479166666662 0.028092592592592582
1 0.3350104166666667 0.2630092592592593 0.011994791666666615 0.022342592592592563
1 0.3667109375 0.23795833333333333 0.009138020833333371 0.015569444444444476
1 0.3762317708333333 0.32275 0.012184895833333376 0.022680555555555593
1 0.4496302083333333 0.36743055555555554 0.012757812499999965 0.02403240740740742
1 0.3126380208333333 0.5488611111111111 0.012184895833333376 0.02132407407407398
1 0.36699739583333335 0.6058981481481482 0.008947916666666611 0.018953703703703677
1 0.45125 0.655486111111111 0.008377604166666663 0.01929166666666661
1 0.5976692708333333 0.3044722222222222 0.015611979166666679 0.02538888888888893
1 0.4424921875 0.7834351851851852 0.01903906249999998 0.026064814814814794
1 0.6123541666666666 0.8488564814814814 0.008195312500000052 0.015203703703703731
0 0.6447786458333333 0.7603287037037036 0.00961979166666671 0.018055555555555516
1 0.08905208333333332 0.7742083333333333 0.010815104166666673 0.013203703703703655
1 0.4829036458333333 0.7014166666666666 0.040617187499999985 0.08399537037037044