1 0.09872395833333333 0.750361111111111 0.00780729166666666 0.017263888888888818
1 0.20839322916666667 0.7022962962962963 0.009330729166666663 0.015907407407407505
1 0.24295052083333332 0.7432546296296296 0.009138020833333316 0.01929166666666661
1 0.2844583333333333 0.669800925925926 0.01599479166666662 0.028092592592592582
1 0.3350104166666667 0.7369907407407408 0.011994791666666615 0.022342592592592563
1 0.3667109375 0.7620416666666667 0.009138020833333371 0.015569444444444573
1 0.3762317708333333 0.67725 0.012184895833333376 0.02268055555555569
1 0.4496302083333333 0.6325694444444445 0.012757812499999965 0.02403240740740742
1 0.3126380208333333 0.45113888888888887 0.012184895833333376 0.02132407407407398
1 0.36699739583333335 0.3941018518518518 0.008947916666666611 0.018953703703703677
1 0.45125 0.344513888888889 0.008377604166666663 0.01929166666666661
1 0.5976692708333333 0.6955277777777779 0.015611979166666679 0.02538888888888893
1 0.4424921875 0.21656481481481482 0.01903906249999998 0.026064814814814794
1 0.6123541666666666 0.15114351851851854 0.008195312500000052 0.015203703703703731
0 0.6447786458333333 0.23967129629629635 0.00961979166666671 0.018055555555555516
1 0.08905208333333332 0.22579166666666672 0.010815104166666673 0.013203703703703655
1 0.4829036458333333 0.2985833333333334 0.040617187499999985 0.08399537037037044