1 0.5959583333333334 0.30439814814814814 0.02137239583333339 0.035907407407407374
1 0.4476848958333333 0.3663796296296296 0.012575520833333353 0.026194444444444482
1 0.3731848958333333 0.31778703703703703 0.008903645833333362 0.017699074074074044
1 0.3310052083333333 0.261412037037037 0.01130208333333338 0.02191203703703702
1 0.36402604166666663 0.2379537037037037 0.007934895833333289 0.017416666666666636
1 0.2784791666666666 0.3287083333333333 0.014700520833333286 0.02283333333333331
1 0.2406171875 0.25384259259259256 0.007661458333333315 0.018337962962962924
1 0.20562760416666667 0.2967916666666667 0.00853645833333333 0.018124999999999995
1 0.30886979166666667 0.5447824074074075 0.012578124999999996 0.020541666666666656
1 0.3627942708333334 0.6062685185185185 0.00980989583333336 0.021402777777777732
1 0.448421875 0.6548240740740741 0.009710937499999961 0.015689814814814795
1 0.47463281249999995 0.7113055555555555 0.029604166666666654 0.10551388888888881
1 0.43916145833333337 0.7814675925925926 0.012161458333333375 0.01576388888888896
1 0.609890625 0.8492314814814814 0.013809895833333252 0.020189814814814768
1 0.6402812499999999 0.7570092592592593 0.011690104166666604 0.02468981481481474
1 0.09691927083333333 0.2503796296296297 0.015250000000000014 0.019125000000000034
1 0.08711197916666666 0.772148148148148 0.011539062500000002 0.01511574074074081