1 0.5959583333333334 0.6956018518518517 0.02137239583333339 0.03590740740740728
1 0.4476848958333333 0.6336203703703703 0.012575520833333353 0.026194444444444385
1 0.3731848958333333 0.682212962962963 0.008903645833333362 0.017699074074074044
1 0.3310052083333333 0.738587962962963 0.01130208333333338 0.021912037037037122
1 0.36402604166666663 0.7620462962962963 0.007934895833333289 0.01741666666666654
1 0.2784791666666666 0.6712916666666666 0.014700520833333286 0.02283333333333341
1 0.2406171875 0.7461574074074074 0.007661458333333315 0.018337962962962823
1 0.20562760416666667 0.7032083333333333 0.00853645833333333 0.018125000000000096
1 0.30886979166666667 0.4552175925925926 0.012578124999999996 0.020541666666666656
1 0.3627942708333334 0.39373148148148146 0.00980989583333336 0.021402777777777732
1 0.448421875 0.3451759259259259 0.009710937499999961 0.015689814814814795
1 0.47463281249999995 0.2886944444444445 0.029604166666666654 0.10551388888888881
1 0.43916145833333337 0.2185324074074074 0.012161458333333375 0.01576388888888896
1 0.609890625 0.15076851851851852 0.013809895833333252 0.020189814814814768
1 0.6402812499999999 0.24299074074074067 0.011690104166666604 0.02468981481481474
1 0.09691927083333333 0.7496203703703704 0.015250000000000014 0.01912500000000013
1 0.08711197916666666 0.22785185185185192 0.011539062500000002 0.01511574074074081