1 0.08431510416666665 0.7719999999999999 0.010171874999999997 0.016180555555555642
1 0.0931484375 0.251412037037037 0.006424479166666663 0.014277777777777759
1 0.20307291666666666 0.2980462962962963 0.009278645833333321 0.013643518518518563
1 0.23769010416666667 0.2544259259259259 0.009278645833333321 0.01903240740740743
1 0.27775260416666664 0.32881944444444444 0.019450520833333318 0.03077314814814811
1 0.3283411458333333 0.261087962962963 0.011421875000000026 0.023476851851851874
1 0.360640625 0.2385648148148148 0.008921874999999968 0.01522685185185186
1 0.36920572916666666 0.31850925925925927 0.009635416666666674 0.0203055555555556
1 0.35073697916666663 0.3745 0.013382812499999952 0.019351851851851818
1 0.4442421875 0.36815740740740743 0.008388020833333343 0.021888888888888895
1 0.31406510416666666 0.2123935185185185 0.01570312500000004 0.17606944444444445
1 0.5927994791666666 0.30645370370370373 0.02141406250000011 0.032990740740740696
1 0.3601067708333333 0.6033888888888889 0.009992187499999972 0.01776388888888884
1 0.44638541666666665 0.6547824074074073 0.011955729166666651 0.02537962962962956
1 0.47796875 0.7014166666666666 0.03444010416666665 0.09961111111111107
1 0.4369270833333333 0.7808842592592593 0.020164062500000024 0.018717592592592622
1 0.637234375 0.7586759259259259 0.01034895833333338 0.01998611111111121
1 0.6046666666666667 0.8454398148148149 0.010171874999999941 0.014592592592592664
1 0.30639322916666667 0.5464444444444444 0.011062499999999975 0.020620370370370407