1 0.9405078125 0.34794907407407405 0.015351562500000027 0.030749999999999982
1 0.9003567708333333 0.2529768518518518 0.0072447916666666945 0.02263425925925924
1 0.8851874999999999 0.22151851851851853 0.01901562499999998 0.19382407407407407
1 0.8224921875 0.36695833333333333 0.023307291666666563 0.04025925925925922
1 0.7657786458333333 0.2740046296296297 0.014156250000000092 0.025472222222222268
1 0.7046666666666667 0.3237175925925926 0.009583333333333277 0.019134259259259306
1 0.8741614583333334 0.6229861111111111 0.012338541666666591 0.02586574074074082
1 0.9505781249999999 0.6913796296296296 0.0147708333333334 0.022425925925925898
1 0.5689583333333333 0.26159259259259254 0.014903645833333368 0.023226851851851867
1 0.6423671875 0.36940277777777775 0.009981770833333403 0.02018518518518518
1 0.3260338541666667 0.22449074074074074 0.017697916666666647 0.023888888888888873
1 0.4748958333333333 0.8688101851851853 0.01194270833333333 0.0231527777777778
1 0.9780416666666666 0.40584722222222225 0.010208333333333375 0.022962962962963