1 0.3213255208333334 0.22339351851851852 0.015460937499999994 0.03752314814814817
1 0.47105468749999996 0.8675879629629629 0.01320052083333334 0.02638888888888897
1 0.5653828125 0.2636157407407407 0.011851562499999968 0.02569907407407405
1 0.6384739583333333 0.37025462962962963 0.009377604166666664 0.012231481481481529
1 0.761640625 0.2696527777777778 0.009408854166666591 0.020574074074074054
1 0.7004479166666666 0.3215601851851852 0.015453125000000068 0.022745370370370388
1 0.8183359375 0.3575740740740741 0.01724218749999995 0.030648148148148105
1 0.8811145833333334 0.21839351851851851 0.018773437499999934 0.19954166666666662
1 0.8683333333333333 0.619550925925926 0.01696093749999994 0.029162037037037
1 0.9368333333333333 0.35131944444444446 0.015854166666666725 0.03221759259259254
1 0.9465338541666667 0.6955648148148148 0.015026041666666767 0.024814814814814748