1 0.8886640625 0.3237175925925926 0.020622395833333362 0.03576851851851851
1 0.7191692708333334 0.3850138888888889 0.011182291666666622 0.02408333333333336
1 0.663515625 0.32813888888888887 0.015515624999999922 0.02560185185185186
1 0.636828125 0.24033796296296295 0.010940104166666575 0.016365740740740757
1 0.6136536458333333 0.26773611111111106 0.012716145833333359 0.023625000000000007
1 0.5942838541666667 0.5868055555555556 0.012080729166666693 0.01886111111111117
1 0.6631979166666666 0.6521296296296296 0.01020312500000009 0.01760185185185195
1 0.7670651041666667 0.7086805555555555 0.01271874999999989 0.02612962962962959
1 0.8105026041666666 0.7721898148148149 0.038765624999999915 0.1222499999999999
1 0.7449453125000001 0.847087962962963 0.014606770833333282 0.03318518518518528
1 0.936296875 0.9129768518518517 0.012278645833333268 0.01760185185185195
1 0.5563020833333333 0.3431296296296296 0.016330729166666558 0.025865740740740724
1 0.5052526041666667 0.25802777777777774 0.015166666666666773 0.024416666666666705
1 0.32740104166666667 0.24472685185185186 0.009067708333333369 0.018013888888888847
1 0.42694010416666667 0.35094907407407405 0.007606770833333387 0.014180555555555566
1 0.45628124999999997 0.30510185185185185 0.012815104166666647 0.01874074074074075
1 0.1161171875 0.21112037037037032 0.01364322916666666 0.0244814814814815
1 0.2714036458333333 0.8294999999999999 0.011380208333333308 0.019393518518518487