1 0.10849479166666666 0.21064814814814814 0.016416666666666663 0.027916666666666687
1 0.264546875 0.8295787037037037 0.010885416666666647 0.017129629629629644
1 0.3178125 0.2468101851851852 0.01034895833333338 0.01903240740740743
1 0.4465625 0.3042314814814815 0.009458333333333346 0.014592592592592565
1 0.4951015625 0.25823148148148145 0.007315104166666697 0.016495370370370348
1 0.5448880208333333 0.34118981481481486 0.015526041666666712 0.030138888888888913
1 0.6026145833333333 0.2663240740740741 0.012492187499999918 0.02252314814814819
1 0.627953125 0.2426898148148148 0.011778645833333323 0.019666666666666624
1 0.6533828125 0.3297685185185185 0.009815104166666755 0.02379166666666668
1 0.7093255208333333 0.3875092592592593 0.008921874999999968 0.017449074074074034
1 0.5839661458333333 0.5870509259259259 0.011598958333333353 0.020620370370370407
1 0.6515078125 0.6517685185185185 0.011062499999999975 0.021888888888888798
1 0.7552760416666667 0.7118842592592594 0.011598958333333353 0.02411111111111117
1 0.7999765624999999 0.7710462962962963 0.053177083333333375 0.11959722222222229
1 0.7360026041666666 0.8501990740740741 0.02444791666666668 0.03806944444444444
1 0.9224791666666667 0.9112685185185185 0.012669270833333357 0.020620370370370407
1 0.9485338541666666 0.8110185185185185 0.008388020833333343 0.020620370370370407
1 0.8789401041666667 0.32342592592592595 0.02266145833333333 0.042828703703703695