1 0.10849479166666666 0.7893518518518519 0.016416666666666663 0.02791666666666674
1 0.264546875 0.1704212962962963 0.010885416666666647 0.017129629629629644
1 0.3178125 0.7531898148148148 0.01034895833333338 0.01903240740740743
1 0.4465625 0.6957685185185185 0.009458333333333346 0.014592592592592664
1 0.4951015625 0.7417685185185185 0.007315104166666697 0.01649537037037025
1 0.5448880208333333 0.6588101851851851 0.015526041666666712 0.030138888888888913
1 0.6026145833333333 0.7336759259259259 0.012492187499999918 0.02252314814814819
1 0.627953125 0.7573101851851852 0.011778645833333323 0.019666666666666624
1 0.6533828125 0.6702314814814815 0.009815104166666755 0.02379166666666678
1 0.7093255208333333 0.6124907407407407 0.008921874999999968 0.017449074074074034
1 0.5839661458333333 0.4129490740740741 0.011598958333333353 0.020620370370370407
1 0.6515078125 0.34823148148148153 0.011062499999999975 0.021888888888888798
1 0.7552760416666667 0.2881157407407407 0.011598958333333353 0.02411111111111117
1 0.7999765624999999 0.22895370370370374 0.053177083333333375 0.11959722222222229
1 0.7360026041666666 0.1498009259259259 0.02444791666666668 0.03806944444444444
1 0.9224791666666667 0.08873148148148147 0.012669270833333357 0.020620370370370407
1 0.9485338541666666 0.18898148148148153 0.008388020833333343 0.020620370370370407
1 0.8789401041666667 0.676574074074074 0.02266145833333333 0.04282870370370379