1 0.17373958333333334 0.28025925925925926 0.009458333333333346 0.019254629629629625
1 0.2121796875 0.2386342592592593 0.010067708333333314 0.019523148148148175
1 0.2587786458333333 0.31727777777777777 0.01784635416666669 0.03145833333333334
1 0.3148359375 0.24744907407407407 0.012812500000000004 0.025217592592592573
1 0.34656510416666664 0.22412962962962965 0.00854166666666667 0.016541666666666677
1 0.35815624999999995 0.3058888888888889 0.011593749999999958 0.023865740740740746
1 0.4348072916666667 0.36297222222222225 0.009914062500000043 0.0165416666666667
1 0.33016666666666666 0.3639212962962963 0.009914062500000043 0.017356481481481525
1 0.2988958333333333 0.1942962962962963 0.014492187500000031 0.1879259259259259
1 0.3497682291666666 0.6077083333333334 0.009458333333333346 0.021152777777777725
1 0.28997395833333334 0.5475046296296296 0.01189843749999997 0.021152777777777725
1 0.4404505208333333 0.6590972222222223 0.01083072916666672 0.02196759259259255
1 0.42763802083333335 0.7896666666666667 0.016932291666666655 0.02494907407407412
1 0.4752291666666667 0.713875 0.04133854166666662 0.1130787037037037
1 0.6017578125 0.8506805555555556 0.010677083333333393 0.016814814814814838
1 0.5875729166666667 0.30425925925925923 0.020744791666666762 0.03470833333333337