1 0.04884895833333334 0.7745277777777778 0.007333333333333331 0.01338888888888887
1 0.1713671875 0.7187731481481481 0.009015625000000027 0.0163842592592592
1 0.20946614583333334 0.7631666666666667 0.007927083333333307 0.013564814814814911
1 0.2548463541666667 0.6836342592592592 0.015458333333333352 0.026773148148148154
1 0.3269322916666667 0.6354537037037038 0.009414062499999987 0.0216666666666667
1 0.3103854166666667 0.7539166666666666 0.011989583333333331 0.020083333333333304
1 0.29685937500000004 0.8120462962962962 0.015458333333333352 0.17438888888888904
1 0.3443697916666667 0.7755833333333333 0.00980989583333336 0.014796296296296418
1 0.35482291666666665 0.6925277777777779 0.008125000000000049 0.016736111111111087
1 0.43141666666666667 0.6373055555555556 0.007927083333333362 0.016560185185185244
1 0.46886979166666665 0.28543981481481484 0.03963281249999995 0.11150462962962966
1 0.42418229166666666 0.20793518518518528 0.015656250000000038 0.023425925925925937
1 0.43597395833333336 0.3418981481481482 0.007135416666666616 0.01338888888888887
1 0.3446171875 0.39218981481481485 0.007531249999999989 0.012861111111111137
1 0.28660416666666666 0.4515509259259259 0.011593749999999958 0.02025925925925935
1 0.5990182291666667 0.1507731481481482 0.010205729166666622 0.019374999999999944
1 0.5830677083333333 0.6968425925925925 0.016348958333333385 0.032763888888888815