1 0.04884895833333334 0.22547222222222219 0.007333333333333331 0.01338888888888887
1 0.1713671875 0.28122685185185187 0.009015625000000027 0.0163842592592593
1 0.20946614583333334 0.23683333333333334 0.007927083333333307 0.013564814814814814
1 0.2548463541666667 0.31636574074074075 0.015458333333333352 0.026773148148148154
1 0.3269322916666667 0.36454629629629626 0.009414062499999987 0.0216666666666667
1 0.3103854166666667 0.24608333333333332 0.011989583333333331 0.020083333333333304
1 0.29685937500000004 0.1879537037037037 0.015458333333333352 0.17438888888888895
1 0.3443697916666667 0.22441666666666668 0.00980989583333336 0.01479629629629632
1 0.35482291666666665 0.3074722222222222 0.008125000000000049 0.016736111111111087
1 0.43141666666666667 0.36269444444444443 0.007927083333333362 0.016560185185185143
1 0.46886979166666665 0.7145601851851852 0.03963281249999995 0.11150462962962966
1 0.42418229166666666 0.7920648148148147 0.015656250000000038 0.023425925925925937
1 0.43597395833333336 0.6581018518518519 0.007135416666666616 0.01338888888888887
1 0.3446171875 0.6078101851851851 0.007531249999999989 0.012861111111111137
1 0.28660416666666666 0.5484490740740742 0.011593749999999958 0.02025925925925935
1 0.5990182291666667 0.8492268518518518 0.010205729166666622 0.019374999999999944
1 0.5830677083333333 0.30315740740740743 0.016348958333333385 0.03276388888888891