1 0.04540364583333333 0.22415740740740742 0.01064583333333334 0.0178148148148148
1 0.1675390625 0.2800092592592593 0.008544270833333312 0.015189814814814776
1 0.20693229166666666 0.23697685185185188 0.00759375000000001 0.014944444444444451
1 0.2524296875 0.3154490740740741 0.017763020833333337 0.03013425925925923
1 0.3073489583333333 0.24758333333333335 0.012067708333333371 0.024587962962962964
1 0.29256770833333334 0.1906898148148148 0.01667968750000004 0.17405555555555552
1 0.34131770833333336 0.22347685185185184 0.007864583333333286 0.014944444444444451
1 0.35080989583333333 0.3058055555555555 0.008950520833333364 0.018564814814814805
1 0.427359375 0.3624583333333333 0.009085937499999974 0.018078703703703743
1 0.341859375 0.6072685185185186 0.010578124999999994 0.0197685185185185
1 0.4326484375 0.6568101851851852 0.008270833333333338 0.017597222222222167
1 0.4671588541666667 0.7126203703703704 0.039325520833333294 0.10221759259259262
1 0.5950338541666667 0.8497916666666666 0.01030468749999991 0.018805555555555544
1 0.5801848958333333 0.3015833333333333 0.01640885416666671 0.03519907407407411
1 0.28294010416666665 0.547962962962963 0.012067708333333371 0.020731481481481455
1 0.03661458333333333 0.7892824074074073 0.011932291666666664 0.019287037037037023