1 0.031041666666666665 0.7876064814814815 0.011453125000000001 0.017574074074074037
1 0.040265625 0.2258888888888889 0.008197916666666666 0.01543055555555554
1 0.16069531250000002 0.27807407407407403 0.008437499999999987 0.015217592592592588
1 0.20071875 0.23692592592592593 0.008921875000000024 0.01607407407407408
1 0.2456848958333333 0.31589814814814815 0.01591406250000002 0.027430555555555576
1 0.3009583333333333 0.247 0.011692708333333357 0.02078703703703708
1 0.28637239583333335 0.19009722222222222 0.01579166666666665 0.17016666666666666
1 0.33453124999999995 0.22299537037037037 0.009885416666666647 0.020787037037037055
1 0.34580468750000004 0.30539814814814814 0.009765625 0.019287037037037023
1 0.319765625 0.36412037037037037 0.012174479166666696 0.019287037037037023
1 0.4228359375 0.36133333333333334 0.008078125000000047 0.015430555555555515
1 0.33561718749999997 0.6059768518518518 0.011091145833333371 0.016930555555555473
1 0.4267552083333333 0.6570879629629629 0.010127604166666693 0.02057407407407415
1 0.459484375 0.7140972222222222 0.03652604166666662 0.10458796296296294
1 0.4142161458333333 0.789212962962963 0.015429687499999956 0.021643518518518572
1 0.5887760416666666 0.8467592592592593 0.008679687499999922 0.016717592592592548
1 0.5743098958333333 0.3016481481481481 0.018322916666666744 0.028930555555555532