1 0.031041666666666665 0.2123935185185185 0.011453125000000001 0.017574074074074037
1 0.040265625 0.7741111111111112 0.008197916666666666 0.015430555555555614
1 0.16069531250000002 0.721925925925926 0.008437499999999987 0.01521759259259249
1 0.20071875 0.763074074074074 0.008921875000000024 0.01607407407407398
1 0.2456848958333333 0.6841018518518518 0.015914062500000048 0.027430555555555673
1 0.3009583333333333 0.753 0.011692708333333357 0.02078703703703708
1 0.28637239583333335 0.8099027777777779 0.01579166666666665 0.1701666666666668
1 0.33453124999999995 0.7770046296296296 0.009885416666666647 0.02078703703703708
1 0.34580468750000004 0.6946018518518519 0.009765625 0.019287037037037023
1 0.319765625 0.6358796296296296 0.012174479166666696 0.019287037037037023
1 0.4228359375 0.6386666666666666 0.008078125000000047 0.015430555555555416
1 0.33561718749999997 0.39402314814814815 0.011091145833333371 0.016930555555555473
1 0.4267552083333333 0.34291203703703704 0.010127604166666693 0.02057407407407415
1 0.459484375 0.2859027777777778 0.03652604166666662 0.10458796296296294
1 0.4142161458333333 0.21078703703703708 0.015429687499999956 0.021643518518518572
1 0.5887760416666666 0.1532407407407407 0.008679687499999922 0.016717592592592548
1 0.5743098958333333 0.6983518518518519 0.018322916666666744 0.028930555555555532