1 0.08156510416666667 0.48036111111111107 0.01071354166666666 0.01711574074074069
1 0.135875 0.42274537037037047 0.008135416666666673 0.018564814814814905
1 0.22130729166666668 0.37501388888888887 0.01193229166666665 0.020490740740740816
1 0.2529036458333333 0.32607407407407407 0.03702083333333328 0.10221759259259262
1 0.21784895833333331 0.24410648148148154 0.02074739583333335 0.020972222222222295
1 0.38383072916666666 0.1922777777777778 0.010442708333333384 0.017597222222222167
1 0.4176640625 0.2808703703703704 0.008135416666666617 0.016875000000000046
1 0.38762760416666664 0.713 0.019119791666666663 0.03302777777777778
1 0.24144531249999998 0.6587592592592593 0.009356770833333361 0.01615277777777773
1 0.15106250000000002 0.7121574074074074 0.009763020833333358 0.016393518518518373
1 0.10922916666666667 0.7691712962962963 0.01342447916666667 0.021939814814814836
1 0.14991145833333333 0.7919537037037038 0.008544270833333312 0.015912037037037093
1 0.09268489583333334 0.822449074074074 0.016679687499999984 0.17285185185185192
1 0.05668229166666666 0.7020324074074075 0.018442708333333335 0.02796296296296299
1 0.016815104166666664 0.7770046296296296 0.0103046875 0.016875000000000046