1 0.08156510416666667 0.5196388888888889 0.01071354166666666 0.01711574074074069
1 0.135875 0.5772546296296296 0.008135416666666673 0.018564814814814905
1 0.22130729166666668 0.6249861111111111 0.01193229166666665 0.020490740740740816
1 0.2529036458333333 0.6739259259259259 0.03702083333333331 0.10221759259259262
1 0.21784895833333331 0.7558935185185185 0.02074739583333335 0.020972222222222295
1 0.38383072916666666 0.8077222222222222 0.010442708333333384 0.017597222222222167
1 0.4176640625 0.7191296296296296 0.008135416666666617 0.016875000000000046
1 0.38762760416666664 0.287 0.019119791666666663 0.03302777777777778
1 0.24144531249999998 0.34124074074074073 0.009356770833333361 0.01615277777777773
1 0.15106250000000002 0.2878425925925926 0.009763020833333358 0.01639351851851847
1 0.10922916666666667 0.2308287037037037 0.01342447916666667 0.021939814814814836
1 0.14991145833333333 0.20804629629629628 0.008544270833333312 0.015912037037037044
1 0.09268489583333334 0.17755092592592592 0.016679687499999984 0.17285185185185187
1 0.05668229166666666 0.2979675925925926 0.018442708333333335 0.02796296296296299
1 0.016815104166666664 0.22299537037037037 0.0103046875 0.016875000000000022