1 0.013562500000000002 0.2230185185185185 0.0078515625 0.017129629629629644
1 0.053622395833333336 0.29756944444444444 0.018736979166666667 0.03172222222222221
1 0.10590885416666666 0.2311064814814815 0.0112421875 0.023157407407407387
1 0.08904427083333333 0.1767037037037037 0.014632812500000009 0.16686574074074073
1 0.14739583333333334 0.28852777777777777 0.009992187499999972 0.021254629629629603
1 0.239296875 0.3423009259259259 0.008208333333333317 0.018398148148148132
1 0.384640625 0.28725925925925927 0.018380208333333314 0.031407407407407405
1 0.3794661458333334 0.8067361111111111 0.010171875000000052 0.017129629629629644
1 0.41372916666666665 0.7164814814814815 0.008031250000000045 0.018083333333333427
1 0.07815885416666667 0.5199537037037036 0.012848958333333327 0.020939814814814797
1 0.13249739583333334 0.5745185185185185 0.00803124999999999 0.017129629629629644
1 0.2180625 0.6241666666666666 0.009278645833333321 0.018717592592592622
1 0.21342187499999998 0.7553472222222222 0.01784374999999999 0.018398148148148233
1 0.24813020833333338 0.6785740740740741 0.03444010416666665 0.10468981481481482