1 0.140609375 0.7461759259259259 0.011442708333333329 0.01926851851851848
1 0.16780989583333333 0.10723148148148148 0.010437499999999988 0.020342592592592586
1 0.30912239583333334 0.16575925925925927 0.00883333333333336 0.021768518518518527
1 0.35749739583333334 0.11401388888888889 0.012445312500000028 0.018199074074074062
1 0.40998697916666665 0.19805092592592594 0.01545572916666671 0.032115740740740764
1 0.4652890625 0.12204166666666667 0.01204427083333337 0.024263888888888887
1 0.4873671875 0.10455555555555557 0.008028645833333292 0.0178425925925926
1 0.512359375 0.18252777777777776 0.012244791666666588 0.02533796296296294
1 0.5707708333333333 0.2453333333333333 0.009434895833333234 0.025337962962962993
1 0.4567578125 0.435 0.015054687500000052 0.02498148148148147
1 0.5199869791666667 0.4856712962962963 0.012244791666666588 0.020699074074074158
1 0.6136276041666666 0.5249259259259259 0.009234374999999906 0.01784259259259259
1 0.6545755208333334 0.5761342592592593 0.042153645833333364 0.1088379629629629
1 0.6035911458333333 0.6626712962962962 0.018867187499999938 0.0278333333333334
0 0.7179036458333333 0.18003240740740742 0.016257812499999913 0.030333333333333348
1 0.7875572916666667 0.6086064814814814 0.009434895833333234 0.015342592592592692
1 0.7668828125 0.7001388888888889 0.012244791666666588 0.021412037037037104