1 0.140609375 0.2538240740740741 0.011442708333333329 0.01926851851851848
1 0.16780989583333333 0.8927685185185186 0.010437499999999988 0.020342592592592485
1 0.30912239583333334 0.8342407407407407 0.00883333333333336 0.021768518518518576
1 0.35749739583333334 0.885986111111111 0.012445312500000028 0.01819907407407426
1 0.40998697916666665 0.801949074074074 0.01545572916666671 0.03211574074074086
1 0.4652890625 0.8779583333333334 0.01204427083333337 0.024263888888888887
1 0.4873671875 0.8954444444444444 0.008028645833333292 0.017842592592592785
1 0.512359375 0.8174722222222223 0.012244791666666588 0.025337962962962892
1 0.5707708333333333 0.7546666666666666 0.009434895833333234 0.025337962962962892
1 0.4567578125 0.565 0.015054687500000052 0.02498148148148142
1 0.5199869791666667 0.5143287037037036 0.012244791666666588 0.020699074074074158
1 0.6136276041666666 0.4750740740740741 0.009234374999999906 0.01784259259259259
1 0.6545755208333334 0.4238657407407407 0.042153645833333364 0.1088379629629629
1 0.6035911458333333 0.3373287037037038 0.018867187499999938 0.0278333333333334
0 0.7179036458333333 0.8199675925925926 0.016257812499999913 0.0303333333333333
1 0.7875572916666667 0.39139351851851856 0.009434895833333234 0.015342592592592692
1 0.7668828125 0.29986111111111113 0.012244791666666588 0.021412037037037104