1 0.21540885416666666 0.4078101851851852 0.0076276041666666905 0.012513888888888935
1 0.27207291666666666 0.3892962962962963 0.0071380208333333695 0.013037037037037081
1 0.42671354166666664 0.36113425925925924 0.0101692708333333 0.019296296296296294
1 0.42803125000000003 0.26518055555555553 0.007333333333333303 0.013037037037037081
1 0.449203125 0.34705555555555556 0.007039062499999971 0.014777777777777779
1 0.44177083333333333 0.6848101851851852 0.010559895833333277 0.01929629629629639
1 0.41541927083333335 0.7240925925925926 0.00948437499999999 0.019990740740740795
1 0.3844713541666666 0.8097083333333334 0.009388020833333344 0.017384259259259238
1 0.23526822916666665 0.6542222222222223 0.00951302083333333 0.015337962962962907
1 0.06415364583333333 0.695125 0.01592708333333334 0.026351851851851887
1 0.10751302083333333 0.47429629629629627 0.011502604166666652 0.017305555555555487
1 0.12045572916666666 0.7639490740740741 0.013494791666666672 0.02399074074074075