1 0.21540885416666666 0.5921898148148148 0.0076276041666666905 0.012513888888888837
1 0.27207291666666666 0.6107037037037037 0.0071380208333333695 0.013037037037036982
1 0.42671354166666664 0.6388657407407408 0.0101692708333333 0.019296296296296193
1 0.42803125000000003 0.7348194444444444 0.007333333333333303 0.01303703703703718
1 0.449203125 0.6529444444444444 0.007039062499999971 0.01477777777777768
1 0.44177083333333333 0.3151898148148148 0.010559895833333277 0.01929629629629639
1 0.41541927083333335 0.2759074074074074 0.00948437499999999 0.019990740740740795
1 0.3844713541666666 0.19029166666666666 0.009388020833333344 0.017384259259259238
1 0.23526822916666665 0.3457777777777778 0.00951302083333333 0.015337962962962907
1 0.06415364583333333 0.304875 0.01592708333333334 0.026351851851851887
1 0.10751302083333333 0.5257037037037038 0.011502604166666652 0.017305555555555487
1 0.12045572916666666 0.23605092592592591 0.013494791666666672 0.02399074074074075