1 0.35390625 0.7491759259259259 0.011317708333333343 0.016740740740740674
1 0.365 0.7226157407407406 0.024809895833333373 0.024791666666666618
1 0.4292890625 0.6927546296296296 0.013218749999999946 0.023662037037036992
1 0.467953125 0.5007916666666667 0.009778645833333321 0.018995370370370343
1 0.5572317708333333 0.4305277777777778 0.008330729166666773 0.012393518518518517
1 0.6092083333333334 0.4092777777777778 0.00796875000000008 0.012393518518518517
1 0.7682317708333334 0.2644074074074074 0.011372395833333382 0.013685185185185232
1 0.7610572916666667 0.3664398148148148 0.011723958333333284 0.022398148148148184
1 0.7875364583333333 0.3508981481481481 0.0075078125000000995 0.012986111111111143
1 0.7749817708333333 0.7115833333333333 0.013145833333333412 0.020166666666666642
1 0.5706875 0.6653148148148147 0.008268229166666696 0.014324074074074112
1 0.4738411458333333 0.7607777777777778 0.009648437499999996 0.017527777777777784