1 0.35390625 0.2508240740740741 0.011317708333333343 0.016740740740740674
1 0.365 0.2773842592592593 0.024809895833333373 0.024791666666666618
1 0.4292890625 0.3072453703703704 0.013218749999999946 0.023662037037036992
1 0.467953125 0.4992083333333333 0.009778645833333321 0.018995370370370343
1 0.5572317708333333 0.5694722222222222 0.008330729166666773 0.012393518518518616
1 0.6092083333333334 0.5907222222222221 0.00796875000000008 0.012393518518518616
1 0.7682317708333334 0.7355925925925926 0.011372395833333382 0.013685185185185134
1 0.7610572916666667 0.6335601851851851 0.011723958333333284 0.022398148148148184
1 0.7875364583333333 0.6491018518518518 0.0075078125000000995 0.012986111111111143
1 0.7749817708333333 0.28841666666666665 0.013145833333333412 0.020166666666666642
1 0.5706875 0.33468518518518525 0.008268229166666696 0.014324074074074112
1 0.4738411458333333 0.23922222222222228 0.009648437499999996 0.017527777777777784