1 0.34790885416666667 0.25039814814814815 0.011114583333333372 0.017726851851851758
1 0.38147656249999995 0.23865277777777777 0.008638020833333315 0.014564814814814753
1 0.4236197916666667 0.3065740740740741 0.013656250000000036 0.02506944444444454
1 0.4614140625 0.5007916666666667 0.00870052083333328 0.01693981481481484
1 0.5507161458333333 0.5691064814814815 0.006669270833333352 0.012648148148148013
1 0.6028307291666666 0.5898287037037037 0.00800260416666676 0.01275925925925926
1 0.5649661458333333 0.3347638888888888 0.00786979166666657 0.016587962962962957
1 0.4679973958333333 0.23890740740740737 0.009981770833333292 0.017888888888888843
1 0.35914322916666663 0.27879166666666666 0.022070312500000022 0.021782407407407334
1 0.7671770833333333 0.2887453703703704 0.012091145833333261 0.0203379629629629
1 0.7542734375 0.6340231481481482 0.012901041666666613 0.018754629629629507
1 0.7608880208333333 0.7352916666666667 0.008276041666666734 0.013560185185185326
1 0.7811744791666667 0.6487361111111112 0.008927083333333252 0.013560185185185326