1 0.34790885416666667 0.7496018518518519 0.011114583333333372 0.017726851851851758
1 0.38147656249999995 0.7613472222222222 0.008638020833333315 0.014564814814814753
1 0.4236197916666667 0.6934259259259259 0.013656250000000036 0.02506944444444454
1 0.4614140625 0.4992083333333333 0.00870052083333328 0.01693981481481484
1 0.5507161458333333 0.43089351851851854 0.006669270833333352 0.012648148148148112
1 0.6028307291666666 0.4101712962962963 0.00800260416666676 0.01275925925925926
1 0.5649661458333333 0.6652361111111111 0.00786979166666657 0.016587962962962957
1 0.4679973958333333 0.7610925925925927 0.009981770833333292 0.017888888888888843
1 0.35914322916666663 0.7212083333333333 0.022070312500000022 0.021782407407407334
1 0.7671770833333333 0.7112546296296296 0.012091145833333261 0.0203379629629629
1 0.7542734375 0.3659768518518518 0.012901041666666613 0.018754629629629607
1 0.7608880208333333 0.2647083333333333 0.008276041666666734 0.013560185185185227
1 0.7811744791666667 0.3512638888888889 0.008927083333333252 0.013560185185185227