1 0.4155130208333333 0.7674212962962963 0.012929687500000009 0.02337962962962968
1 0.4613776041666667 0.6796435185185186 0.006575520833333348 0.01426851851851849
1 0.43919791666666663 0.756125 0.008135416666666617 0.015060185185185185
1 0.568265625 0.20200925925925925 0.010364583333333233 0.02040740740740743
1 0.6392083333333333 0.769300925925926 0.006911458333333398 0.014462962962962875
1 0.7841588541666666 0.7903055555555555 0.012372395833333272 0.021597222222222316
1 0.7868880208333333 0.7558287037037037 0.03254427083333322 0.027939814814814865
1 0.80834375 0.7995185185185185 0.009919270833333327 0.01545370370370374
1 0.8625130208333334 0.7258101851851851 0.017945312499999977 0.02813888888888884
1 0.9112760416666666 0.7988287037037037 0.01114583333333341 0.021995370370370457
1 0.9252083333333334 0.5113148148148148 0.011369791666666629 0.021597222222222316