1 0.4155130208333333 0.23257870370370368 0.012929687500000009 0.02337962962962968
1 0.4613776041666667 0.32035648148148144 0.006575520833333348 0.01426851851851849
1 0.43919791666666663 0.24387499999999995 0.008135416666666617 0.015060185185185185
1 0.568265625 0.7979907407407407 0.010364583333333233 0.020407407407407478
1 0.6392083333333333 0.23069907407407403 0.006911458333333398 0.014462962962962875
1 0.7841588541666666 0.20969444444444452 0.012372395833333272 0.021597222222222316
1 0.7868880208333333 0.24417129629629633 0.03254427083333322 0.027939814814814865
1 0.80834375 0.20048148148148145 0.009919270833333327 0.01545370370370374
1 0.8625130208333334 0.2741898148148148 0.017945312499999977 0.02813888888888884
1 0.9112760416666666 0.20117129629629626 0.01114583333333341 0.021995370370370457
1 0.9252083333333334 0.48868518518518517 0.011369791666666629 0.021597222222222316