1 0.4411328125 0.22658796296296302 0.012445312500000028 0.01950925925925932
1 0.51828125 0.29284259259259254 0.01525520833333327 0.026884259259259205
1 0.5637109375 0.49862499999999993 0.012445312499999917 0.021648148148148156
1 0.6576536458333333 0.572375 0.01030468749999991 0.014037037037037021
1 0.7128541666666667 0.5962824074074073 0.008296875000000092 0.013796296296296381
0 0.8608567708333333 0.6419583333333334 0.010973958333333256 0.016652777777777752
1 0.8731692708333333 0.747824074074074 0.009903645833333252 0.016175925925926055
1 0.8911666666666667 0.6592083333333334 0.008966145833333439 0.014513888888888913
1 0.8739713541666667 0.2772592592592593 0.01364843750000011 0.019981481481481426
1 0.47258072916666666 0.21540740740740738 0.008966145833333328 0.01522685185185186
1 0.30912239583333334 0.23253240740740744 0.009098958333333296 0.016175925925925858
1 0.2588723958333333 0.8095601851851852 0.009234375000000017 0.024027777777777832