1 0.4411328125 0.773412037037037 0.012445312500000028 0.01950925925925932
1 0.51828125 0.7071574074074074 0.01525520833333327 0.026884259259259205
1 0.5637109375 0.501375 0.012445312499999917 0.021648148148148156
1 0.6576536458333333 0.427625 0.01030468749999991 0.014037037037037021
1 0.7128541666666667 0.40371759259259254 0.008296875000000092 0.013796296296296282
0 0.8608567708333333 0.35804166666666665 0.010973958333333256 0.016652777777777752
1 0.8731692708333333 0.2521759259259259 0.009903645833333252 0.016175925925925958
1 0.8911666666666667 0.34079166666666666 0.008966145833333439 0.014513888888888913
1 0.8739713541666667 0.7227407407407407 0.01364843750000011 0.019981481481481426
1 0.47258072916666666 0.7845925925925926 0.008966145833333328 0.01522685185185186
1 0.30912239583333334 0.7674675925925926 0.009098958333333296 0.016175925925925858
1 0.2588723958333333 0.19043981481481484 0.009234375000000017 0.024027777777777783