1 0.42509895833333333 0.2645694444444444 0.007333333333333303 0.01390740740740743
1 0.42328906250000004 0.3606990740740741 0.009583333333333388 0.01912037037037035
1 0.446953125 0.34679166666666666 0.008018229166666613 0.016337962962962947
1 0.4384453125 0.6851574074074074 0.009388020833333344 0.0179027777777778
1 0.4123880208333333 0.7243564814814814 0.00811458333333337 0.01912037037037035
1 0.3812447916666667 0.8082268518518518 0.009973958333333366 0.016513888888888988
1 0.23188541666666668 0.6543888888888889 0.007723958333333336 0.016166666666666687
1 0.10384375 0.4755138888888888 0.011734374999999991 0.01929629629629639
1 0.21164583333333334 0.407375 0.007528645833333347 0.013731481481481487
1 0.26943229166666666 0.3893842592592593 0.009289062500000056 0.015990740740740743
1 0.061015625000000004 0.6922824074074074 0.01564583333333333 0.023814814814814907
1 0.11753124999999999 0.7644212962962963 0.013296875000000014 0.021379629629629606