1 0.25851041666666663 0.1914074074074074 0.004276041666666619 0.017925925925925925
1 0.30592708333333335 0.768 0.0074843749999999876 0.01306018518518511
1 0.43768229166666667 0.7724351851851852 0.01150520833333335 0.018976851851851804
1 0.446 0.7407685185185184 0.025921874999999983 0.023657407407407405
1 0.4695651041666667 0.7832777777777777 0.007624999999999993 0.016018518518518557
1 0.5160026041666667 0.7068842592592592 0.014554687499999996 0.024888888888888912
1 0.5611223958333333 0.7798287037037037 0.012197916666666586 0.021930555555555467
1 0.5803203124999999 0.7960925925925926 0.007346354166666735 0.017004629629629637
1 0.5600130208333333 0.5025925925925925 0.012197916666666586 0.018481481481481567
1 0.6534401041666666 0.42693981481481486 0.007208333333333261 0.014046296296296291
1 0.7095104166666667 0.4043935185185185 0.009565104166666671 0.014291666666666715
1 0.8699609375 0.2524675925925926 0.00997916666666665 0.014046296296296291
1 0.8879817708333333 0.3408148148148148 0.006653645833333277 0.01231944444444445
0 0.8581770833333333 0.3569537037037037 0.009703124999999924 0.017004629629629637
1 0.8709322916666666 0.7232731481481481 0.014138020833333265 0.022180555555555474