1 0.4349270833333333 0.7736342592592592 0.012125000000000052 0.019643518518518494
1 0.46655729166666665 0.7836296296296297 0.00850781249999999 0.01529629629629624
1 0.512515625 0.7080138888888888 0.015937499999999938 0.028856481481481566
1 0.5572005208333334 0.5020231481481481 0.009875000000000078 0.01946759259259265
1 0.6511171875 0.42788425925925927 0.008018229166666613 0.015819444444444483
1 0.7064609374999999 0.4045925925925926 0.008408854166666702 0.013037037037037081
0 0.8554791666666667 0.3569629629629629 0.010755208333333321 0.01651388888888889
1 0.8845182291666667 0.3414027777777778 0.008213541666666657 0.012513888888888935
1 0.8662838541666668 0.25283796296296296 0.00850781249999999 0.016166666666666687
1 0.8669192708333333 0.7229629629629629 0.011343749999999986 0.021902777777777754
1 0.30277604166666666 0.7665092592592593 0.007919270833333325 0.013731481481481388