1 0.4349270833333333 0.2263657407407408 0.012125000000000052 0.019643518518518494
1 0.46655729166666665 0.21637037037037032 0.00850781249999999 0.01529629629629624
1 0.512515625 0.29198611111111117 0.015937499999999938 0.028856481481481566
1 0.5572005208333334 0.4979768518518519 0.009875000000000078 0.01946759259259265
1 0.6511171875 0.5721157407407408 0.008018229166666613 0.015819444444444584
1 0.7064609374999999 0.5954074074074074 0.008408854166666702 0.01303703703703718
0 0.8554791666666667 0.6430370370370371 0.010755208333333321 0.016513888888888988
1 0.8845182291666667 0.6585972222222222 0.008213541666666657 0.012513888888889034
1 0.8662838541666668 0.747162037037037 0.00850781249999999 0.016166666666666687
1 0.8669192708333333 0.27703703703703714 0.011343749999999986 0.021902777777777754
1 0.30277604166666666 0.2334907407407407 0.007919270833333325 0.013731481481481388