1 0.26589583333333333 0.7616805555555556 0.01258333333333328 0.019023148148148056
1 0.276546875 0.7297962962962963 0.02516666666666667 0.023606481481481565
1 0.3013177083333333 0.7715416666666666 0.008916666666666684 0.01479629629629622
1 0.34600520833333337 0.6973842592592593 0.015458333333333352 0.02712500000000004
1 0.38137760416666666 0.4964814814814815 0.008125000000000049 0.017791666666666747
1 0.47333072916666663 0.4256712962962963 0.006934895833333288 0.011449074074074103
1 0.525546875 0.40418055555555554 0.00911458333333326 0.014972222222222263
1 0.6786328125 0.2567407407407407 0.00852083333333331 0.0139166666666667
1 0.6995416666666666 0.3429675925925926 0.007135416666666616 0.010921296296296271
0 0.6738776041666666 0.35890740740740745 0.012484375000000103 0.020259259259259248
1 0.6902760416666667 0.7084814814814815 0.011197916666666696 0.019023148148148056
1 0.48967968749999996 0.6644444444444445 0.006736979166666712 0.011976851851851933
1 0.3893541666666666 0.7682824074074074 0.010205729166666622 0.02025925925925935