1 0.4686015625 0.4273194444444444 0.00832812500000002 0.014592592592592565
1 0.51928125 0.4023657407407407 0.007374999999999909 0.012055555555555585
1 0.37634375000000003 0.49552777777777773 0.01034895833333338 0.013111111111111148
1 0.3397630208333333 0.6964444444444444 0.014752604166666683 0.02495833333333329
1 0.485078125 0.665037037037037 0.01034895833333338 0.013745370370370344
1 0.2599375 0.7601018518518518 0.014039062499999977 0.016921296296296302
1 0.2966380208333333 0.7700416666666666 0.007494791666666667 0.01395833333333327
1 0.6252760416666666 0.8314814814814815 0.009041666666666615 0.015861111111111055
1 0.6845807291666667 0.7072314814814814 0.011062499999999975 0.0203055555555556
0 0.669234375 0.36810185185185185 0.01034895833333338 0.018824074074074087
1 0.6721484375000001 0.2578101851851852 0.0071380208333333695 0.012268518518518512
1 0.6935026041666668 0.3424074074074074 0.007494791666666778 0.012268518518518512