1 0.4686015625 0.5726805555555556 0.00832812500000002 0.014592592592592664
1 0.51928125 0.5976342592592593 0.007374999999999909 0.012055555555555486
1 0.37634375000000003 0.5044722222222222 0.01034895833333338 0.013111111111111148
1 0.3397630208333333 0.3035555555555556 0.014752604166666683 0.02495833333333329
1 0.485078125 0.33496296296296296 0.01034895833333338 0.013745370370370344
1 0.2599375 0.23989814814814825 0.014039062499999977 0.016921296296296302
1 0.2966380208333333 0.22995833333333338 0.007494791666666667 0.01395833333333327
1 0.6252760416666666 0.1685185185185185 0.009041666666666615 0.015861111111111055
1 0.6845807291666667 0.2927685185185186 0.011062499999999975 0.0203055555555556
0 0.669234375 0.6318981481481482 0.01034895833333338 0.018824074074074087
1 0.6721484375000001 0.7421898148148148 0.0071380208333333695 0.01226851851851861
1 0.6935026041666668 0.6575925925925925 0.007494791666666778 0.012268518518518413