1 0.21215364583333332 0.7434166666666666 0.010906250000000006 0.01696296296296297
1 0.22466927083333332 0.7142268518518518 0.02057031250000002 0.022912037037036963
1 0.24660416666666668 0.7567453703703704 0.007434895833333344 0.017185185185185265
1 0.2862578125 0.685587962962963 0.013382812499999952 0.023791666666666583
1 0.3306848958333333 0.7542129629629629 0.01202083333333337 0.021810185185185245
1 0.4261041666666667 0.6600324074074074 0.0075598958333333854 0.015861111111111055
1 0.31655729166666663 0.4911712962962963 0.00904687500000001 0.014759259259259336
1 0.4052838541666666 0.42210185185185184 0.0075598958333333854 0.01321759259259261
1 0.45584375 0.4000740740740741 0.00954166666666667 0.015861111111111152
1 0.6074010416666666 0.24828240740740737 0.006815104166666641 0.011898148148148182
1 0.6088255208333333 0.35050462962962964 0.013135416666666622 0.017185185185185168
1 0.6323098958333334 0.33343055555555556 0.008549479166666707 0.013879629629629619
0 0.6278463541666666 0.7115833333333333 0.007062499999999972 0.012337962962962992