1 0.20945572916666666 0.7442592592592593 0.01152864583333335 0.019740740740740788
1 0.28491406249999995 0.6853194444444444 0.012690104166666716 0.02143518518518523
1 0.24467447916666665 0.7551666666666667 0.009200520833333337 0.01598148148148147
1 0.3279583333333333 0.7551666666666667 0.011210937500000018 0.0204953703703704
1 0.31421093749999995 0.4930740740740741 0.009940104166666686 0.017486111111111115
1 0.40272916666666664 0.42209722222222223 0.006768229166666639 0.013162037037037087
1 0.4527005208333333 0.40000462962962957 0.0072968749999999805 0.011847222222222243
1 0.6055755208333333 0.2505324074074074 0.008882812500000004 0.014476851851851831
1 0.6301640625 0.33655092592592595 0.006028645833333401 0.015041666666666644
1 0.6047838541666666 0.3515879629629629 0.01152864583333324 0.0203055555555556
0 0.6249817708333333 0.7119212962962963 0.01004687500000001 0.0167314814814815
1 0.56459375 0.8313148148148148 0.010682291666666677 0.0171111111111111
1 0.5962161458333333 0.7482083333333334 0.008778645833333432 0.019365740740740774