1 0.058190104166666666 0.3065416666666667 0.01772135416666666 0.027935185185185278
1 0.10039583333333332 0.5256203703703703 0.012242187500000001 0.018513888888888868
1 0.22929166666666667 0.3445416666666667 0.008403645833333306 0.016888888888888804
1 0.2085546875 0.5917175925925926 0.010778645833333322 0.016240740740740653
1 0.2662890625 0.6110462962962964 0.00858593750000003 0.010069444444444365
1 0.42222656249999996 0.7357731481481482 0.006942708333333325 0.012666666666666751
1 0.4213125 0.6394675925925927 0.010960937500000045 0.016888888888889002
1 0.44533854166666664 0.6514861111111111 0.009317708333333341 0.018837962962963042
1 0.4363854166666667 0.3154722222222223 0.008953125000000006 0.017865740740740717
1 0.11491927083333334 0.23427314814814812 0.013520833333333343 0.023060185185185093
1 0.4101692708333333 0.2764953703703704 0.008403645833333306 0.02176388888888879
1 0.3789270833333333 0.19220833333333343 0.013153645833333338 0.018837962962963042