1 0.058190104166666666 0.6934583333333333 0.01772135416666666 0.027935185185185278
1 0.10039583333333332 0.4743796296296297 0.012242187500000001 0.018513888888888868
1 0.22929166666666667 0.6554583333333333 0.008403645833333306 0.016888888888888804
1 0.2085546875 0.4082824074074074 0.010778645833333322 0.016240740740740753
1 0.2662890625 0.3889537037037037 0.00858593750000003 0.010069444444444464
1 0.42222656249999996 0.26422685185185185 0.006942708333333325 0.012666666666666652
1 0.4213125 0.3605324074074074 0.010960937500000045 0.016888888888888905
1 0.44533854166666664 0.3485138888888889 0.009317708333333341 0.018837962962962942
1 0.4363854166666667 0.6845277777777777 0.008953125000000006 0.017865740740740717
1 0.11491927083333334 0.7657268518518519 0.013520833333333343 0.023060185185185093
1 0.4101692708333333 0.7235046296296296 0.008403645833333306 0.02176388888888879
1 0.3789270833333333 0.8077916666666666 0.013153645833333338 0.018837962962963042