1 0.9819609375 0.8064583333333333 0.012223958333333229 0.022648148148148195
1 0.9611145833333333 0.8165231481481482 0.020458333333333245 0.031796296296296274
1 0.4288776041666667 0.7366018518518519 0.012513020833333388 0.019425925925925982
1 0.40023958333333337 0.8179074074074074 0.010927083333333365 0.02036574074074081
0 0.45584375 0.7008842592592592 0.009341145833333342 0.01817129629629635
1 0.4320520833333333 0.35294907407407405 0.012513020833333388 0.01911111111111108
1 0.42614583333333333 0.25409722222222225 0.005640624999999955 0.014412037037037036
1 0.4540807291666667 0.3347777777777778 0.007226562499999978 0.01159259259259255
1 0.28215885416666664 0.3969675925925926 0.008812500000000001 0.01065277777777782
1 0.23386979166666666 0.41968518518518516 0.007401041666666663 0.013472222222222207
1 0.14804166666666668 0.48626388888888883 0.009869791666666683 0.01629166666666669
1 0.16892447916666664 0.7438101851851853 0.01145572916666665 0.020050925925926007
1 0.26004166666666667 0.6523194444444445 0.006169270833333296 0.01629166666666669