1 0.1238828125 0.4819583333333333 0.009380208333333306 0.01382870370370368
1 0.22975 0.41383333333333333 0.007434895833333344 0.011796296296296305
1 0.2867734375 0.3962453703703704 0.007549479166666706 0.014847222222222258
1 0.44514322916666665 0.3657407407407407 0.011781249999999965 0.021351851851851893
1 0.44674479166666664 0.2679259259259259 0.008122395833333296 0.014439814814814846
1 0.46905208333333337 0.35465740740740737 0.007434895833333344 0.012203703703703717
1 0.4595 0.7037222222222222 0.008921874999999968 0.016472222222222124
1 0.4314739583333333 0.7429675925925925 0.009609375000000031 0.017694444444444457
1 0.3995598958333333 0.8286851851851852 0.01075260416666668 0.01830092592592594
1 0.24994010416666665 0.6653888888888889 0.008463541666666685 0.019523148148148078
1 0.08304687499999999 0.6978240740740741 0.014184895833333322 0.021759259259259207
1 0.13755208333333335 0.7710324074074074 0.015213541666666663 0.02013425925925934