1 0.2431015625 0.25210185185185185 0.01078125000000002 0.018499999999999912
1 0.19733854166666664 0.3171851851851852 0.014544270833333317 0.02474074074074078
1 0.33405989583333334 0.3452685185185185 0.008651041666666637 0.014935185185185182
1 0.22561197916666667 0.5070833333333333 0.009903645833333308 0.016717592592592548
0 0.3132473958333333 0.5740601851851852 0.007145833333333296 0.012037037037037143
1 0.3624583333333333 0.5956805555555555 0.0077734375000000355 0.016046296296296267
1 0.5098333333333334 0.6386990740740741 0.010656250000000034 0.017384259259259238
1 0.5083932291666666 0.7378842592592593 0.00827343749999998 0.01248148148148134
1 0.5349713541666666 0.6532962962962964 0.009278645833333377 0.013148148148148032
1 0.5298932291666667 0.30492592592592593 0.010156250000000089 0.018944444444444503
1 0.5044427083333333 0.2669212962962963 0.01040624999999995 0.018277777777777813
1 0.476109375 0.19604629629629627 0.01040624999999995 0.010254629629629579