1 0.2431015625 0.7478981481481481 0.01078125000000002 0.018499999999999912
1 0.19733854166666664 0.6828148148148148 0.014544270833333317 0.02474074074074078
1 0.33405989583333334 0.6547314814814815 0.008651041666666637 0.014935185185185182
1 0.22561197916666667 0.49291666666666667 0.009903645833333308 0.016717592592592548
0 0.3132473958333333 0.4259398148148148 0.007145833333333296 0.012037037037037044
1 0.3624583333333333 0.40431944444444445 0.0077734375000000355 0.016046296296296267
1 0.5098333333333334 0.3613009259259259 0.010656250000000034 0.017384259259259238
1 0.5083932291666666 0.2621157407407407 0.00827343749999998 0.012481481481481439
1 0.5349713541666666 0.34670370370370374 0.009278645833333377 0.013148148148148131
1 0.5298932291666667 0.6950740740740741 0.010156250000000089 0.018944444444444503
1 0.5044427083333333 0.7330787037037036 0.01040624999999995 0.018277777777777813
1 0.476109375 0.8039537037037037 0.01040624999999995 0.010254629629629579