1 0.3452005208333333 0.7226064814814814 0.008468750000000025 0.01701388888888881
1 0.37066406249999995 0.6839861111111111 0.009239583333333301 0.01799074074074072
1 0.34712760416666666 0.36135185185185187 0.009679687500000034 0.015643518518518543
1 0.36972916666666666 0.3455138888888889 0.0069296875000000036 0.012907407407407392
1 0.3413515625 0.26602777777777775 0.009130208333333334 0.0150555555555556
1 0.19924479166666667 0.4023148148148148 0.0069296875000000036 0.010754629629629598
1 0.17724739583333332 0.6468333333333334 0.007809895833333358 0.012513888888888837
0 0.2892161458333333 0.6244444444444445 0.006049479166666649 0.013101851851851778
1 0.8481614583333333 0.8032037037037036 0.017291666666666705 0.03158796296296293
1 0.8989244791666666 0.7108425925925926 0.010312499999999947 0.02058796296296291
1 0.8692604166666666 0.7951666666666666 0.011263020833333304 0.022277777777777768