1 0.19003385416666668 0.7751481481481481 0.01493489583333335 0.028532407407407392
1 0.21951562500000002 0.762861111111111 0.007914062499999985 0.019023148148148056
1 0.2477135416666667 0.681425925925926 0.009919270833333327 0.01704166666666672
1 0.37243489583333333 0.20260648148148147 0.011927083333333366 0.022388888888888864
1 0.5636953125 0.7339351851851852 0.026638020833333442 0.0261574074074075
1 0.5608541666666667 0.7633564814814815 0.012036458333333222 0.01763425925925925
1 0.6247734375 0.7037175925925925 0.015492187500000032 0.025166666666666632
1 0.7455390625 0.6733009259259259 0.006911458333333398 0.01268055555555551
1 0.6719192708333334 0.5189444444444445 0.009028645833333293 0.01704166666666672
1 0.7459843749999999 0.4597962962962963 0.008247395833333337 0.012087962962962983
1 0.7901197916666667 0.4436481481481481 0.006463541666666739 0.012287037037037053
1 0.8913229166666666 0.4167037037037037 0.010476562500000064 0.01704166666666662
1 0.9106614583333333 0.40412037037037035 0.005015624999999968 0.010898148148148145
1 0.9037526041666666 0.3326898148148148 0.0076901041666666 0.014662037037037045
1 0.8918255208333333 0.7052037037037038 0.00969791666666664 0.01704166666666672