1 0.19171093749999998 0.7734444444444445 0.01583854166666665 0.02639814814814814
1 0.22008854166666666 0.7628842592592592 0.009239583333333357 0.018185185185185106
1 0.24755729166666668 0.6803194444444444 0.009403645833333335 0.017305555555555487
1 0.3717916666666667 0.20120833333333332 0.013033854166666692 0.02346296296296297
1 0.5609739583333333 0.7633935185185186 0.010085937499999975 0.019166666666666603
1 0.5639869791666666 0.7336157407407407 0.024921874999999982 0.024726851851851823
1 0.6246692708333333 0.7028101851851852 0.013213541666666773 0.02246296296296298
1 0.6715572916666667 0.5184768518518519 0.00961979166666671 0.016486111111111076
1 0.7467291666666667 0.45809722222222216 0.00741927083333338 0.01442592592592599
1 0.7899635416666667 0.4417175925925927 0.007187499999999902 0.013805555555555602
1 0.8901145833333333 0.4152361111111111 0.01135937500000006 0.015249999999999986
1 0.9039088541666667 0.33270370370370367 0.008346354166666625 0.015041666666666644
1 0.8924921875 0.70425 0.010549479166666709 0.017930555555555512
1 0.7455703124999999 0.6729305555555556 0.007882812499999892 0.014629629629629548