1 0.19171093749999998 0.2265555555555555 0.01583854166666665 0.02639814814814814
1 0.22008854166666666 0.23711574074074082 0.009239583333333357 0.018185185185185106
1 0.24755729166666668 0.3196805555555556 0.009403645833333307 0.017305555555555487
1 0.3717916666666667 0.7987916666666667 0.013033854166666692 0.02346296296296302
1 0.5609739583333333 0.23660648148148145 0.010085937499999975 0.019166666666666603
1 0.5639869791666666 0.2663842592592593 0.024921874999999982 0.024726851851851823
1 0.6246692708333333 0.2971898148148148 0.013213541666666773 0.02246296296296298
1 0.6715572916666667 0.4815231481481481 0.00961979166666671 0.016486111111111076
1 0.7467291666666667 0.5419027777777778 0.00741927083333338 0.01442592592592599
1 0.7899635416666667 0.5582824074074073 0.007187499999999902 0.013805555555555552
1 0.8901145833333333 0.5847638888888889 0.01135937500000006 0.015249999999999986
1 0.9039088541666667 0.6672962962962963 0.008346354166666625 0.015041666666666644
1 0.8924921875 0.29574999999999996 0.010549479166666709 0.017930555555555512
1 0.7455703124999999 0.3270694444444444 0.007882812499999892 0.014629629629629548