1 0.37192447916666665 0.20028703703703704 0.012585937500000033 0.023476851851851825
1 0.5611354166666667 0.7613425925925925 0.010523437500000066 0.02017592592592601
1 0.6262369791666667 0.7019166666666667 0.012791666666666757 0.02604629629629625
1 0.6739010416666668 0.5183194444444443 0.009078125000000048 0.018342592592592608
1 0.746015625 0.6738564814814815 0.008872395833333435 0.018342592592592608
1 0.7477682291666666 0.45871296296296293 0.009078125000000048 0.015041666666666644
1 0.7906875 0.4436712962962963 0.007427083333333417 0.014305555555555571
1 0.9042760416666666 0.3330740740740741 0.008460937499999988 0.014671296296296314
1 0.9104661458333333 0.40350462962962963 0.008460937499999988 0.016138888888888876
1 0.891484375 0.416162037037037 0.011760416666666718 0.01943981481481484
1 0.893546875 0.7052175925925925 0.008872395833333435 0.015773148148148133