1 0.37192447916666665 0.7997129629629629 0.012585937500000033 0.023476851851851777
1 0.5611354166666667 0.23865740740740746 0.010523437500000066 0.02017592592592601
1 0.6262369791666667 0.29808333333333326 0.012791666666666757 0.02604629629629625
1 0.6739010416666668 0.4816805555555556 0.009078125000000048 0.018342592592592608
1 0.746015625 0.3261435185185186 0.008872395833333435 0.018342592592592608
1 0.7477682291666666 0.5412870370370371 0.009078125000000048 0.015041666666666644
1 0.7906875 0.5563287037037037 0.007427083333333417 0.014305555555555571
1 0.9042760416666666 0.6669259259259258 0.008460937499999988 0.014671296296296217
1 0.9104661458333333 0.5964953703703704 0.008460937499999988 0.016138888888888973
1 0.891484375 0.583837962962963 0.011760416666666718 0.01943981481481474
1 0.893546875 0.2947824074074074 0.008872395833333435 0.015773148148148133