1 0.19040625 0.22747685185185182 0.015721354166666646 0.028791666666666573
1 0.22008333333333333 0.2371296296296297 0.00800260416666665 0.017615740740740706
1 0.24690364583333332 0.3189398148148148 0.00752604166666665 0.016597222222222128
1 0.3719505208333333 0.7997962962962962 0.010289062499999946 0.020324074074074144
1 0.4536484375 0.24237962962962958 0.006002604166666647 0.013212962962963025
1 0.5638802083333334 0.2681250000000001 0.024867187499999943 0.02405092592592596
1 0.5602604166666667 0.23933333333333331 0.010385416666666591 0.0186296296296297
1 0.6246640625 0.2977638888888889 0.013052083333333409 0.02438888888888889
1 0.7459479166666667 0.327574074074074 0.006382812500000057 0.011518518518518582
1 0.6727786458333332 0.48204629629629636 0.009052083333333405 0.01693981481481484
1 0.7464244791666667 0.5424305555555555 0.0069557291666666465 0.012027777777777773
1 0.7902994791666667 0.5580138888888889 0.00704947916666665 0.012027777777777773
1 0.9037239583333334 0.669037037037037 0.007145833333333407 0.012870370370370508
1 0.9107734375 0.596375 0.006765625000000108 0.010500000000000002
1 0.8912890625000001 0.5849444444444445 0.010861979166666647 0.01778240740740738
1 0.8929583333333333 0.2958194444444444 0.010385416666666591 0.018800925925925957