1 0.19040625 0.7725231481481482 0.015721354166666646 0.028791666666666573
1 0.22008333333333333 0.7628703703703703 0.00800260416666665 0.017615740740740706
1 0.24690364583333332 0.6810601851851852 0.00752604166666665 0.016597222222222128
1 0.3719505208333333 0.20020370370370372 0.010289062499999946 0.02032407407407409
1 0.4536484375 0.7576203703703704 0.006002604166666647 0.013212962962963025
1 0.5638802083333334 0.7318749999999999 0.024867187499999943 0.02405092592592596
1 0.5602604166666667 0.7606666666666667 0.010385416666666591 0.0186296296296297
1 0.6246640625 0.7022361111111111 0.013052083333333409 0.02438888888888889
1 0.7459479166666667 0.672425925925926 0.006382812500000057 0.011518518518518582
1 0.6727786458333332 0.5179537037037036 0.009052083333333405 0.01693981481481484
1 0.7464244791666667 0.4575694444444445 0.0069557291666666465 0.012027777777777773
1 0.7902994791666667 0.44198611111111114 0.00704947916666665 0.012027777777777773
1 0.9037239583333334 0.33096296296296296 0.007145833333333407 0.012870370370370409
1 0.9107734375 0.403625 0.006765625000000108 0.010500000000000002
1 0.8912890625000001 0.41505555555555557 0.010861979166666647 0.01778240740740738
1 0.8929583333333333 0.7041805555555556 0.010385416666666591 0.018800925925925957