1 0.3717447916666667 0.7997685185185186 0.012585937500000033 0.02392129629629637
1 0.19139843750000002 0.2254537037037037 0.016341145833333348 0.027449074074074018
1 0.22022135416666666 0.23666203703703706 0.008106770833333332 0.016925925925925886
1 0.24743749999999998 0.3201527777777778 0.009520833333333312 0.01647222222222232
1 0.5610104166666667 0.2373472222222223 0.010294270833333341 0.019212962962963057
1 0.6243802083333333 0.2984212962962963 0.01248177083333335 0.023333333333333428
1 0.74790625 0.3263287037037037 0.010937500000000044 0.022416666666666727
1 0.8928541666666666 0.2943055555555556 0.007976562499999895 0.016925925925925886
1 0.8915677083333333 0.5844768518518519 0.011065104166666728 0.018527777777777824
1 0.9043697916666668 0.6679675925925925 0.007333333333333414 0.014412037037037036
0 0.9113203124999999 0.5967129629629631 0.007333333333333414 0.01326851851851845
1 0.7468776041666667 0.541699074074074 0.00887760416666672 0.012583333333333415
1 0.6723098958333333 0.4834814814814814 0.007976562499999895 0.014638888888888917
1 0.790109375 0.5583981481481481 0.008364583333333231 0.013037037037036982