1 0.37261979166666664 0.7988564814814815 0.009234375000000017 0.020699074074074158
1 0.1915625 0.2259907407407408 0.014854166666666668 0.028310185185185095
1 0.24856770833333336 0.3196064814814814 0.007895833333333324 0.01522685185185186
1 0.22080208333333332 0.23645833333333333 0.010169270833333355 0.015939814814814806
1 0.5615703125 0.23752777777777773 0.009234374999999906 0.01950925925925932
1 0.5641796874999999 0.26595833333333335 0.025158854166666744 0.020699074074074158
1 0.6243307291666667 0.29748148148148146 0.011106770833333224 0.023314814814814885
1 0.6725729166666666 0.48268518518518516 0.00856510416666656 0.014513888888888913
1 0.7465078125 0.5415648148148148 0.0065572916666667425 0.012847222222222184
1 0.7905338541666667 0.5563148148148147 0.007895833333333435 0.011893518518518597
1 0.8912994791666667 0.582962962962963 0.01030468749999991 0.016652777777777752
1 0.9040130208333332 0.6681296296296296 0.006289062500000053 0.009990740740740812
1 0.9110390625 0.5962824074074073 0.0048177083333333925 0.010944444444444399
1 0.7461744791666667 0.3265046296296296 0.005888020833333396 0.010944444444444399