1 0.3725859375 0.7964166666666667 0.010645833333333354 0.024212962962963047
1 0.19059895833333332 0.22518518518518527 0.015497395833333316 0.028944444444444488
1 0.24859895833333334 0.31758333333333333 0.008140625000000012 0.017810185185185092
1 0.22128125 0.2357638888888889 0.009861979166666646 0.015583333333333331
1 0.5618541666666667 0.23645833333333333 0.010958333333333403 0.020875
1 0.6248671874999999 0.2981018518518519 0.013619791666666714 0.02337962962962968
1 0.6730833333333333 0.48081481481481475 0.009236979166666659 0.019759259259259327
1 0.7458776041666667 0.3259351851851852 0.008924479166666721 0.014472222222222244
1 0.7469739583333334 0.5406481481481481 0.007356770833333304 0.015865740740740836
1 0.7901041666666666 0.5555416666666667 0.007200520833333224 0.013916666666666602
1 0.890921875 0.5822592592592593 0.010333333333333306 0.017254629629629648
1 0.9042291666666666 0.66575 0.006888020833333286 0.01280092592592593
1 0.8930338541666667 0.2925370370370371 0.01205468750000005 0.017810185185185092