1 0.191125 0.7747731481481481 0.013346354166666685 0.02351388888888886
1 0.2212109375 0.7645 0.008221354166666639 0.017370370370370283
1 0.24849739583333336 0.6812499999999999 0.008460937500000015 0.015249999999999986
1 0.3731927083333333 0.2014537037037037 0.010963541666666687 0.019912037037037048
1 0.5611614583333333 0.7643935185185184 0.009414062500000098 0.018004629629629676
1 0.5640807291666667 0.7352685185185186 0.026690104166666728 0.02245370370370361
1 0.6252057291666666 0.7028564814814815 0.012630208333333393 0.02542129629629623
1 0.673046875 0.519412037037037 0.007744791666666639 0.013555555555555543
1 0.7457317708333333 0.6744722222222221 0.006791666666666751 0.01270833333333342
1 0.7456119791666667 0.4597777777777778 0.006078124999999934 0.012921296296296347
1 0.7902369791666667 0.4438935185185185 0.007148437499999938 0.01250000000000003
1 0.9045651041666667 0.3336342592592592 0.007984374999999932 0.01567592592592594
1 0.8916380208333333 0.4165648148148148 0.01024739583333334 0.01969907407407412
1 0.8931276041666667 0.7049768518518519 0.009414062500000098 0.016097222222222304