1 0.1923359375 0.7749212962962962 0.016018229166666675 0.027412037037037134
1 0.22150260416666667 0.7644027777777778 0.007890624999999984 0.016574074074074
1 0.24935416666666665 0.6826898148148148 0.009085937499999974 0.018064814814814884
1 0.3730755208333333 0.20368981481481482 0.009322916666666625 0.021462962962962944
1 0.5615859375 0.7640833333333333 0.010041666666666726 0.01933796296296306
1 0.6248229166666667 0.7039444444444444 0.013148437499999943 0.024013888888888876
1 0.6726953125 0.519587962962963 0.00848697916666663 0.014874999999999972
1 0.7471692708333334 0.460087962962963 0.006335937500000055 0.011476851851851913
1 0.7907994791666667 0.44393518518518515 0.005617187499999954 0.009777777777777738
1 0.9041796875 0.33481018518518524 0.00717187500000005 0.014236111111111092
1 0.8912109375 0.4175833333333333 0.010877604166666721 0.0165740740740741
1 0.9109947916666666 0.4058935185185185 0.005976562499999893 0.011902777777777769
1 0.8921067708333333 0.705324074074074 0.009802083333333433 0.015726851851851877
1 0.7462109374999999 0.6737638888888888 0.00681250000000011 0.01551388888888895