1 0.1923359375 0.22507870370370378 0.016018229166666675 0.027412037037037134
1 0.22150260416666667 0.23559722222222224 0.007890624999999984 0.016574074074074
1 0.24935416666666665 0.31731018518518517 0.009085937499999974 0.018064814814814884
1 0.3730755208333333 0.7963101851851851 0.009322916666666625 0.021462962962962944
1 0.5615859375 0.23591666666666664 0.010041666666666726 0.01933796296296306
1 0.6248229166666667 0.29605555555555557 0.013148437499999943 0.024013888888888876
1 0.6726953125 0.48041203703703705 0.00848697916666663 0.014874999999999972
1 0.7471692708333334 0.539912037037037 0.006335937500000055 0.011476851851851913
1 0.7907994791666667 0.5560648148148148 0.005617187499999954 0.009777777777777687
1 0.9041796875 0.6651898148148148 0.00717187500000005 0.01423611111111119
1 0.8912109375 0.5824166666666666 0.010877604166666721 0.016574074074074
1 0.9109947916666666 0.5941064814814815 0.005976562499999893 0.011902777777777769
1 0.8921067708333333 0.29467592592592595 0.009802083333333433 0.015726851851851877
1 0.7462109374999999 0.32623611111111117 0.00681250000000011 0.01551388888888895