1 0.030802083333333334 0.7776805555555555 0.018361979166666667 0.030537037037037053
1 0.06323177083333334 0.7655740740740741 0.011549479166666661 0.021060185185185216
1 0.09240625 0.678037037037037 0.011846354166666656 0.021851851851851914
1 0.23219791666666667 0.1802037037037037 0.011846354166666684 0.0244814814814815
1 0.41819531249999997 0.761625 0.010070312500000012 0.01632407407407399
1 0.42545052083333335 0.7324027777777777 0.02695052083333338 0.02211574074074068
1 0.4480338541666667 0.7625462962962962 0.009921874999999969 0.020273148148148106
1 0.49209114583333335 0.6990972222222223 0.013328125000000024 0.026064814814814794
1 0.6218880208333334 0.6682962962962963 0.008736979166666714 0.016060185185185222
1 0.5383671875 0.5070462962962963 0.008736979166666714 0.01579629629629626
1 0.6186302083333333 0.4482083333333333 0.008145833333333297 0.013953703703703683
1 0.6640911458333334 0.4312268518518519 0.006070312499999897 0.013689814814814818
1 0.7877447916666667 0.31828703703703703 0.008145833333333297 0.016324074074074088
1 0.7984817708333334 0.3926574074074074 0.006515625000000025 0.014481481481481515
1 0.7767864583333334 0.40542592592592597 0.00992187500000008 0.018953703703703677
1 0.7810807291666666 0.7005462962962964 0.010218749999999943 0.01948148148148141