1 0.0246796875 0.7758425925925926 0.017208333333333336 0.028944444444444488
1 0.05811979166666667 0.7648472222222221 0.008656250000000004 0.017222222222222153
1 0.08620052083333334 0.6786527777777778 0.007934895833333344 0.016305555555555646
1 0.225625 0.1784351851851852 0.011851562500000024 0.021250000000000015
1 0.419921875 0.7320555555555556 0.02617447916666671 0.024916666666666625
1 0.413328125 0.762375 0.012158854166666622 0.020333333333333314
1 0.5258046875 0.7607268518518518 0.009171875000000052 0.017768518518518423
1 0.48592447916666665 0.6995370370370371 0.013911458333333293 0.025097222222222253
1 0.5326588541666667 0.5088287037037037 0.009687500000000071 0.015939814814814806
1 0.6125208333333333 0.4471851851851852 0.00741927083333338 0.011356481481481495
1 0.6589947916666666 0.431337962962963 0.008039062499999972 0.011175925925925966
1 0.7826015625 0.3172962962962963 0.0062864583333333 0.012458333333333313
1 0.7723489583333334 0.40367592592592594 0.009273437500000092 0.01667129629629629
1 0.7935260416666666 0.39231944444444444 0.005875000000000075 0.011541666666666709
1 0.7768307291666667 0.7008194444444444 0.009171875000000052 0.01887037037037034
1 0.6168489583333333 0.6677546296296296 0.0070078124999999325 0.012824074074074055