1 0.0246796875 0.22415740740740742 0.01720833333333334 0.028944444444444488
1 0.05811979166666667 0.23515277777777785 0.008656250000000004 0.017222222222222153
1 0.08620052083333334 0.32134722222222223 0.007934895833333344 0.016305555555555646
1 0.225625 0.8215648148148148 0.011851562500000024 0.021250000000000015
1 0.419921875 0.2679444444444445 0.02617447916666671 0.024916666666666625
1 0.413328125 0.23762500000000003 0.012158854166666622 0.020333333333333314
1 0.5258046875 0.23927314814814812 0.009171875000000052 0.017768518518518423
1 0.48592447916666665 0.30046296296296293 0.013911458333333293 0.025097222222222253
1 0.5326588541666667 0.4911712962962963 0.009687500000000071 0.015939814814814806
1 0.6125208333333333 0.5528148148148149 0.00741927083333338 0.011356481481481495
1 0.6589947916666666 0.568662037037037 0.008039062499999972 0.011175925925926065
1 0.7826015625 0.6827037037037038 0.0062864583333333 0.012458333333333214
1 0.7723489583333334 0.5963240740740741 0.009273437500000092 0.01667129629629629
1 0.7935260416666666 0.6076805555555556 0.005875000000000075 0.011541666666666709
1 0.7768307291666667 0.2991805555555556 0.009171875000000052 0.01887037037037034
1 0.6168489583333333 0.3322453703703704 0.0070078124999999325 0.012824074074074055