1 0.47797656250000004 0.28055555555555556 0.007471354166666666 0.013486111111111063
1 0.4749322916666667 0.3745509259259259 0.010114583333333371 0.01838888888888886
1 0.4976901041666667 0.36239351851851853 0.006895833333333323 0.015324074074074052
1 0.48659635416666663 0.6905601851851851 0.010458333333333347 0.01614351851851856
1 0.430390625 0.8134675925925925 0.009770833333333284 0.017574074074074037
1 0.288671875 0.6578657407407407 0.00861979166666671 0.014509259259259326
1 0.16729427083333331 0.4828472222222222 0.012757812500000021 0.02166203703703711
1 0.12390625 0.6947453703703704 0.017929687500000013 0.026972222222222127
1 0.02430989583333333 0.7649351851851852 0.0159765625 0.019412037037037026
1 0.27332552083333334 0.4173611111111111 0.009195312500000052 0.013282407407407406
1 0.32832552083333333 0.4000925925925926 0.008851562499999965 0.01307870370370375