1 0.028208333333333332 0.7453055555555556 0.020786458333333334 0.032333333333333374
1 0.09256510416666666 0.6303240740740741 0.010627604166666665 0.019740740740740788
1 0.0658359375 0.7329814814814815 0.013007812499999993 0.022000000000000044
1 0.23748177083333333 0.015231481481481481 0.012375000000000025 0.024819444444444443
1 0.49193749999999997 0.6702314814814815 0.035218749999999965 0.029611111111111182
1 0.4850364583333333 0.7132407407407407 0.015070312500000016 0.027638888888888817
1 0.5222369791666667 0.7259305555555555 0.00951822916666667 0.01917592592592597
1 0.5792682291666666 0.6225694444444445 0.016338541666666595 0.030175925925925995
1 0.6398671875 0.7139444444444444 0.01443489583333335 0.022277777777777768
1 0.6355859375 0.3553518518518518 0.012216145833333414 0.023689814814814802
1 0.7491692708333333 0.2574861111111111 0.00967708333333328 0.016356481481481486
1 0.8172265625 0.22604166666666664 0.010627604166666638 0.020023148148148193
1 0.9818125 0.17414814814814816 0.01681510416666665 0.029046296296296317
1 0.9959036458333334 0.04117592592592592 0.008192708333333298 0.019175925925925923
1 0.7632890625000001 0.5736388888888889 0.011263020833333304 0.01805092592592593