1 0.03874479166666667 0.7861759259259259 0.010372395833333325 0.018712962962963035
1 0.04926822916666666 0.6785185185185186 0.011898437499999998 0.0203379629629631
1 0.07588802083333333 0.6937037037037037 0.008390625000000013 0.01491666666666664
1 0.07588802083333333 0.3098564814814815 0.01144010416666666 0.01789814814814821
1 0.045075520833333334 0.26483796296296297 0.013270833333333329 0.021152777777777725
1 0.010906250000000001 0.171962962962963 0.010830729166666667 0.019254629629629722
1 0.577125 0.21630092592592595 0.01266145833333332 0.027115740740740673
1 0.5965729166666667 0.22687500000000002 0.00701562499999997 0.015726851851851877
1 0.6215885416666667 0.3025324074074074 0.008236979166666769 0.0184398148148149
1 0.9177395833333333 0.25073611111111105 0.025169270833333313 0.020064814814814765
1 0.9209427083333334 0.21928240740740743 0.00960937499999992 0.016814814814814838
1 0.9681536458333333 0.2751435185185185 0.014338541666666593 0.023319444444444472
1 0.9937786458333333 0.21914814814814815 0.009458333333333346 0.01816666666666676