1 0.03874479166666667 0.21382407407407408 0.010372395833333325 0.018712962962962938
1 0.04926822916666666 0.3214814814814815 0.011898437499999998 0.020337962962963
1 0.07588802083333333 0.3062962962962963 0.008390625000000013 0.01491666666666664
1 0.07588802083333333 0.6901435185185185 0.01144010416666666 0.01789814814814821
1 0.045075520833333334 0.735162037037037 0.013270833333333329 0.021152777777777725
1 0.010906250000000001 0.828037037037037 0.010830729166666667 0.019254629629629722
1 0.577125 0.783699074074074 0.01266145833333332 0.027115740740740673
1 0.5965729166666667 0.773125 0.00701562499999997 0.015726851851851877
1 0.6215885416666667 0.6974675925925926 0.008236979166666769 0.0184398148148149
1 0.9177395833333333 0.749263888888889 0.025169270833333313 0.020064814814814765
1 0.9209427083333334 0.7807175925925925 0.00960937499999992 0.016814814814814838
1 0.9681536458333333 0.7248564814814815 0.014338541666666593 0.023319444444444472
1 0.9937786458333333 0.7808518518518519 0.009458333333333346 0.01816666666666676