1 0.03247916666666666 0.21274537037037036 0.009757812500000004 0.014124999999999992
1 0.07032552083333334 0.3055509259259259 0.009617187499999985 0.014374999999999952
1 0.04404947916666667 0.32252777777777775 0.013940104166666661 0.020569444444444467
1 0.07011458333333334 0.6922638888888888 0.013104166666666667 0.022550925925925905
1 0.038263020833333335 0.7325324074074074 0.01184895833333334 0.019824074074074122
1 0.5727916666666667 0.7852546296296297 0.014341145833333346 0.02835648148148155
1 0.6170885416666666 0.6974490740740741 0.00911458333333326 0.018587962962963032
1 0.5920911458333333 0.7757268518518518 0.008445312499999913 0.016916666666666715
1 0.9133697916666667 0.7513009259259259 0.023723958333333295 0.018587962962963032
1 0.9174583333333333 0.7807314814814815 0.010455729166666705 0.013583333333333256
1 0.9641692708333333 0.7233055555555555 0.012734374999999964 0.022638888888888827
1 0.9903723958333334 0.7815648148148148 0.0077734375000000355 0.01620370370370377