1 0.0363125 0.7879768518518518 0.015713541666666664 0.025736111111111033
1 0.1005859375 0.6897685185185185 0.009156250000000005 0.016717592592592548
1 0.07138802083333333 0.7776388888888889 0.010640624999999987 0.018254629629629687
1 0.2471380208333333 0.1745324074074074 0.011257812499999992 0.021773148148148163
1 0.44435156249999996 0.7751111111111111 0.01175260416666668 0.020236111111111024
1 0.5179661458333333 0.7106666666666667 0.013981770833333407 0.025074074074074124
1 0.5583619791666667 0.7749999999999999 0.009651041666666638 0.018254629629629687
1 0.5652291666666667 0.5154583333333334 0.008041666666666725 0.018254629629629687
1 0.646390625 0.6766805555555556 0.007052083333333403 0.015175925925926018
1 0.6454010416666667 0.45365277777777774 0.007052083333333403 0.011657407407407346
1 0.6906848958333334 0.437375 0.008041666666666725 0.016055555555555587
1 0.7993125 0.40812037037037036 0.010020833333333368 0.019134259259259306
1 0.8110052083333333 0.3226712962962963 0.006682291666666673 0.018037037037037074
1 0.8197890624999999 0.39635185185185184 0.007424479166666664 0.014958333333333308
1 0.8014791666666666 0.7056064814814814 0.010393229166666629 0.017597222222222167