1 0.0363125 0.21202314814814816 0.015713541666666664 0.025736111111111033
1 0.1005859375 0.3102314814814815 0.009156250000000005 0.016717592592592548
1 0.07138802083333333 0.2223611111111111 0.010640624999999987 0.018254629629629687
1 0.2471380208333333 0.8254675925925926 0.01125781250000002 0.021773148148148163
1 0.44435156249999996 0.2248888888888889 0.01175260416666668 0.020236111111111024
1 0.5179661458333333 0.28933333333333333 0.013981770833333407 0.025074074074074124
1 0.5583619791666667 0.22500000000000003 0.009651041666666638 0.018254629629629687
1 0.5652291666666667 0.48454166666666665 0.008041666666666725 0.018254629629629687
1 0.646390625 0.3233194444444444 0.007052083333333403 0.015175925925926018
1 0.6454010416666667 0.5463472222222223 0.007052083333333403 0.011657407407407346
1 0.6906848958333334 0.562625 0.008041666666666725 0.01605555555555564
1 0.7993125 0.5918796296296297 0.010020833333333368 0.019134259259259306
1 0.8110052083333333 0.6773287037037038 0.006682291666666673 0.018037037037036976
1 0.8197890624999999 0.6036481481481482 0.007424479166666664 0.014958333333333308
1 0.8014791666666666 0.2943935185185185 0.010393229166666629 0.017597222222222167