1 0.24461197916666666 0.8251851851851852 0.011856770833333363 0.018787037037037005
1 0.4416015625 0.22455555555555554 0.01044010416666663 0.02130555555555564
1 0.5140963541666667 0.28927777777777774 0.014692708333333249 0.02749537037037027
1 0.5548854166666667 0.2255833333333333 0.010697916666666751 0.015578703703703746
1 0.6431666666666667 0.32490740740740737 0.006830729166666716 0.01306018518518511
1 0.7987864583333334 0.2937453703703704 0.009794270833333396 0.01947685185185182
1 0.7982708333333334 0.5912546296296297 0.008247395833333337 0.019245370370370354
1 0.8181822916666667 0.6051157407407407 0.006830729166666716 0.013518518518518461
1 0.8085807291666666 0.6790092592592593 0.006184895833333259 0.012370370370370488
1 0.6882083333333333 0.5641064814814816 0.006184895833333259 0.009393518518518502
1 0.6429088541666667 0.5469212962962964 0.007861979166666755 0.014435185185185162
1 0.5624895833333333 0.48517592592592595 0.008893229166666572 0.018787037037037005
1 0.44630468749999996 0.2574305555555555 0.026549479166666723 0.023370370370370312