1 0.1854140625 0.8223240740740742 0.011473958333333312 0.021555555555555453
1 0.009322916666666663 0.18475 0.0160390625 0.027351851851851922
1 0.0689765625 0.2982175925925927 0.009127604166666664 0.015532407407407491
1 0.04035677083333333 0.21129166666666668 0.01134375 0.019703703703703706
1 0.3744140625 0.23018055555555555 0.01186458333333329 0.019935185185185174
1 0.3808671875 0.26228703703703704 0.02685937500000002 0.02341203703703698
1 0.40231510416666666 0.21940277777777784 0.006651041666666635 0.012750000000000088
1 0.4510807291666667 0.29612962962962963 0.014473958333333314 0.02341203703703698
1 0.4941093750000001 0.2302962962962963 0.013429687499999954 0.01877777777777783
1 0.49789062500000003 0.4933935185185185 0.00951822916666667 0.016458333333333366
1 0.579515625 0.5576018518518518 0.006911458333333398 0.013212962962963025
1 0.6267812500000001 0.5747592592592592 0.006518229166666778 0.015069444444444555
1 0.7513671875 0.6918194444444444 0.007953125000000005 0.013675925925925961
1 0.7610833333333333 0.6154398148148148 0.007041666666666613 0.015300925925925826
1 0.7420442708333332 0.6022268518518518 0.011213541666666771 0.018546296296296165
1 0.7464140625 0.30204166666666665 0.008997395833333366 0.018078703703703642
1 0.5854479166666666 0.33275462962962965 0.008343750000000094 0.014138888888888899