1 0.08879427083333334 0.2369027777777778 0.016255208333333326 0.024726851851851823
1 0.18293489583333333 0.30242592592592593 0.016776041666666686 0.024726851851851823
1 0.2337890625 0.23250000000000004 0.010692708333333356 0.018078703703703642
1 0.22583333333333333 0.5128287037037037 0.010432291666666649 0.021171296296296264
1 0.3272760416666667 0.5781944444444443 0.00886718750000004 0.014680555555555586
1 0.38043229166666664 0.5964305555555556 0.007388020833333342 0.013444444444444493
1 0.5309453125 0.7211388888888889 0.007997395833333254 0.013754629629629514
1 0.5284244791666667 0.6244768518518519 0.011648437500000108 0.021018518518518547
1 0.5503307291666667 0.6383888888888889 0.00747656249999995 0.01298148148148136
1 0.5398098958333333 0.29950925925925925 0.009559895833333387 0.019462962962962866
1 0.48145052083333334 0.17533796296296295 0.011255208333333377 0.01891203703703701