1 0.08879427083333334 0.7630972222222222 0.016255208333333326 0.024726851851851823
1 0.18293489583333333 0.697574074074074 0.016776041666666686 0.024726851851851823
1 0.2337890625 0.7675 0.010692708333333356 0.018078703703703642
1 0.22583333333333333 0.48717129629629624 0.010432291666666649 0.021171296296296264
1 0.3272760416666667 0.42180555555555554 0.00886718750000004 0.014680555555555586
1 0.38043229166666664 0.4035694444444445 0.007388020833333342 0.013444444444444493
1 0.5309453125 0.2788611111111111 0.007997395833333254 0.013754629629629613
1 0.5284244791666667 0.37552314814814813 0.011648437500000108 0.021018518518518547
1 0.5503307291666667 0.3616111111111111 0.00747656249999995 0.012981481481481458
1 0.5398098958333333 0.7004907407407407 0.009559895833333387 0.019462962962962866
1 0.48145052083333334 0.824662037037037 0.011255208333333377 0.01891203703703701