1 0.08273958333333334 0.2374074074074074 0.014000000000000012 0.022032407407407344
1 0.17672395833333332 0.30207870370370377 0.015606770833333339 0.02815277777777779
1 0.2197578125 0.513537037037037 0.009869791666666683 0.01734259259259257
1 0.32194791666666667 0.5786157407407406 0.008606770833333277 0.017749999999999884
1 0.37525260416666667 0.5965694444444445 0.00872135416666664 0.015300925925925826
1 0.5258697916666666 0.7225462962962963 0.008835937500000002 0.014689814814814758
1 0.5227135416666666 0.6253333333333333 0.010786458333333249 0.01734259259259257
1 0.5455494791666666 0.6392083333333334 0.008263020833333412 0.014893518518518513
1 0.5349921875 0.29850925925925925 0.011015624999999973 0.01734259259259257
1 0.33566145833333333 0.33625 0.008033854166666687 0.013666666666666593
1 0.228765625 0.2315925925925926 0.013197916666666643 0.02060648148148145