1 0.08273958333333334 0.7625925925925926 0.014000000000000012 0.022032407407407344
1 0.17672395833333332 0.6979212962962963 0.015606770833333339 0.02815277777777779
1 0.2197578125 0.486462962962963 0.009869791666666683 0.01734259259259257
1 0.32194791666666667 0.4213842592592593 0.008606770833333277 0.01774999999999998
1 0.37525260416666667 0.4034305555555555 0.00872135416666664 0.015300925925925924
1 0.5258697916666666 0.2774537037037037 0.008835937500000002 0.014689814814814857
1 0.5227135416666666 0.37466666666666665 0.010786458333333249 0.01734259259259257
1 0.5455494791666666 0.3607916666666666 0.008263020833333412 0.014893518518518513
1 0.5349921875 0.7014907407407408 0.011015624999999973 0.01734259259259257
1 0.33566145833333333 0.66375 0.008033854166666687 0.013666666666666593
1 0.228765625 0.7684074074074074 0.013197916666666643 0.02060648148148145