1 0.1922109375 0.22417592592592595 0.015958333333333352 0.02493055555555558
1 0.2816666666666666 0.2935925925925927 0.016924479166666617 0.030518518518518514
1 0.32687760416666667 0.5011944444444444 0.011604166666666638 0.022782407407407373
1 0.42273958333333334 0.5673888888888889 0.007979166666666648 0.014185185185185153
1 0.47399739583333333 0.5852222222222223 0.008945312499999969 0.01633333333333336
1 0.6148307291666666 0.7094444444444444 0.009187499999999904 0.015472222222222283
1 0.6095104166666666 0.6170324074074074 0.01305468749999994 0.01633333333333336
1 0.6317083333333334 0.6295972222222223 0.007528645833333236 0.015060185185185185
1 0.6173880208333333 0.30055092592592597 0.008471354166666778 0.01816666666666676
1 0.4322317708333333 0.3347361111111111 0.008203124999999978 0.014819444444444349
1 0.33125 0.22632870370370364 0.011697916666666641 0.019361111111111187