1 0.1922109375 0.775824074074074 0.015958333333333352 0.02493055555555558
1 0.2816666666666666 0.7064074074074074 0.016924479166666617 0.030518518518518514
1 0.32687760416666667 0.49880555555555556 0.011604166666666638 0.022782407407407373
1 0.42273958333333334 0.4326111111111111 0.007979166666666648 0.014185185185185153
1 0.47399739583333333 0.41477777777777775 0.008945312499999969 0.01633333333333336
1 0.6148307291666666 0.29055555555555557 0.009187499999999904 0.015472222222222184
1 0.6095104166666666 0.3829675925925926 0.01305468749999994 0.01633333333333336
1 0.6317083333333334 0.3704027777777778 0.007528645833333236 0.015060185185185185
1 0.6173880208333333 0.699449074074074 0.008471354166666778 0.01816666666666676
1 0.4322317708333333 0.6652638888888889 0.008203124999999978 0.014819444444444349
1 0.33125 0.7736712962962964 0.011697916666666641 0.019361111111111187