1 0.18890885416666667 0.7732083333333333 0.015312500000000007 0.023652777777777818
1 0.27727604166666664 0.7033657407407408 0.014309895833333308 0.02677777777777774
1 0.327484375 0.774324074074074 0.014309895833333308 0.0241018518518518
1 0.32371875 0.5000740740740741 0.011799479166666682 0.020083333333333304
1 0.41949218749999995 0.43156944444444445 0.009539062500000028 0.015175925925925919
1 0.4718333333333333 0.4121527777777778 0.010794270833333286 0.02097685185185188
1 0.6124166666666666 0.29031481481481486 0.009791666666666643 0.01651388888888889
1 0.6067682291666666 0.3829212962962963 0.011546875000000068 0.021421296296296275
1 0.6145494791666666 0.6997916666666666 0.010041666666666726 0.023208333333333424
1 0.42965885416666666 0.6656527777777778 0.009791666666666643 0.015620370370370415
1 0.6286901041666667 0.3708842592592593 0.007369791666666625 0.015888888888888866