1 0.020666666666666667 0.7451574074074074 0.023249999999999996 0.031384259259259174
1 0.05888020833333333 0.7327175925925926 0.010979166666666665 0.02181481481481483
1 0.08654166666666667 0.6312962962962962 0.010333333333333333 0.022578703703703615
1 0.23099479166666667 0.015499999999999998 0.014208333333333323 0.030999999999999996
1 0.477921875 0.712625 0.01463802083333332 0.026023148148148125
1 0.5721067708333333 0.6267037037037038 0.017867187500000048 0.03788888888888881
1 0.5150572916666667 0.7254444444444444 0.011408854166666593 0.017986111111111133
1 0.7555260416666666 0.5736990740740741 0.0118411458333334 0.022199074074074017
1 0.6290494791666668 0.3566944444444445 0.014638020833333432 0.024495370370370355
1 0.7419635416666667 0.2592916666666667 0.008825520833333433 0.017986111111111133
1 0.8093463541666667 0.22867592592592592 0.0118411458333334 0.01951851851851849
1 0.9743567708333334 0.17528703703703705 0.01722135416666659 0.026023148148148125
1 0.993408203125 0.6080729166666666 0.01318359375 0.03211805555555555