1 0.020666666666666667 0.25484259259259257 0.023249999999999993 0.031384259259259174
1 0.05888020833333333 0.2672824074074074 0.010979166666666665 0.02181481481481483
1 0.08654166666666667 0.3687037037037037 0.010333333333333333 0.022578703703703615
1 0.23099479166666667 0.9845 0.014208333333333323 0.03099999999999999
1 0.477921875 0.28737500000000005 0.01463802083333332 0.026023148148148125
1 0.5721067708333333 0.3732962962962963 0.017867187500000048 0.03788888888888881
1 0.5150572916666667 0.27455555555555555 0.011408854166666593 0.017986111111111133
1 0.7555260416666666 0.4263009259259259 0.0118411458333334 0.022199074074074017
1 0.6290494791666668 0.6433055555555556 0.014638020833333432 0.024495370370370355
1 0.7419635416666667 0.7407083333333334 0.008825520833333433 0.017986111111111133
1 0.8093463541666667 0.7713240740740741 0.0118411458333334 0.01951851851851849
1 0.9743567708333334 0.824712962962963 0.01722135416666659 0.026023148148148125
1 0.993408203125 0.3919270833333333 0.01318359375 0.03211805555555555