1 0.18489322916666667 0.7727592592592593 0.013802083333333326 0.020509259259259158
1 0.27481510416666666 0.7031759259259258 0.0181276041666667 0.0278333333333334
1 0.3244635416666667 0.7740416666666667 0.01277343750000004 0.02160648148148149
1 0.3203411458333333 0.49716666666666676 0.011125000000000052 0.02307407407407405
1 0.42664322916666664 0.6674675925925926 0.009476562499999952 0.017944444444444468
1 0.4163411458333333 0.43215740740740743 0.008651041666666637 0.014648148148148188
1 0.46815364583333335 0.41329629629629633 0.007622395833333351 0.016481481481481493
1 0.6027786458333333 0.3821666666666667 0.011536458333333277 0.018675925925925953
1 0.6126666666666666 0.7002453703703703 0.010713541666666604 0.017578703703703624
1 0.6254401041666666 0.36989814814814814 0.007416666666666627 0.01611574074074075
1 0.6105052083333333 0.2913425925925926 0.008033854166666687 0.01721296296296298