1 0.14031249999999998 0.22848148148148154 0.011161458333333318 0.017930555555555512
1 0.23336197916666668 0.29684722222222226 0.015463541666666691 0.02557870370370373
1 0.2776666666666667 0.5061296296296296 0.009950520833333365 0.01816666666666676
1 0.37555468750000004 0.5727037037037037 0.0077994791666666785 0.015060185185185185
1 0.4299453125 0.590875 0.007932291666666647 0.015060185185185185
1 0.5753020833333333 0.7169675925925927 0.007127604166666579 0.014342592592592653
1 0.5705286458333333 0.6236203703703703 0.010486979166666632 0.019361111111111187
1 0.5939244791666667 0.6352175925925927 0.006723958333333391 0.014342592592592653
1 0.5814192708333333 0.29720370370370375 0.010218749999999943 0.01721296296296298
1 0.5241380208333334 0.17768055555555554 0.008606770833333277 0.015777777777777717
1 0.38900260416666665 0.33497685185185183 0.009411458333333345 0.01625462962962961