1 0.21692187500000001 0.7688425925925926 0.01346354166666669 0.01758333333333341
1 0.30390625 0.7004212962962963 0.015369791666666632 0.028171296296296333
1 0.350734375 0.49928703703703703 0.008460937499999988 0.019912037037037048
1 0.4417682291666667 0.43351388888888887 0.0075078124999999885 0.012921296296296248
1 0.49175260416666666 0.4164583333333333 0.007864583333333286 0.0118611111111111
1 0.6274713541666666 0.300375 0.006671875000000105 0.012708333333333321
1 0.6209765625 0.39030092592592586 0.010367187499999986 0.016310185185185136
1 0.6434973958333334 0.37843518518518515 0.006315104166666696 0.012921296296296248
1 0.6297942708333333 0.6993611111111111 0.01084375000000004 0.019277777777777852
1 0.4512994791666667 0.6658935185185185 0.007984375000000044 0.015041666666666644
1 0.22877864583333332 0.7368564814814814 0.026690104166666673 0.02393518518518513