1 0.21692187500000001 0.23115740740740737 0.01346354166666669 0.01758333333333341
1 0.30390625 0.29957870370370365 0.015369791666666632 0.028171296296296333
1 0.350734375 0.500712962962963 0.008460937499999988 0.019912037037037048
1 0.4417682291666667 0.5664861111111112 0.0075078124999999885 0.01292129629629615
1 0.49175260416666666 0.5835416666666666 0.007864583333333286 0.0118611111111111
1 0.6274713541666666 0.699625 0.006671875000000105 0.012708333333333223
1 0.6209765625 0.6096990740740742 0.010367187499999986 0.016310185185185035
1 0.6434973958333334 0.6215648148148148 0.006315104166666696 0.01292129629629615
1 0.6297942708333333 0.3006388888888889 0.01084375000000004 0.019277777777777852
1 0.4512994791666667 0.3341064814814815 0.007984375000000044 0.015041666666666644
1 0.22877864583333332 0.2631435185185185 0.026690104166666673 0.02393518518518513