1 0.12890885416666667 0.8103518518518518 0.01637760416666667 0.02813425925925925
1 0.15678645833333332 0.7881064814814814 0.01030468750000002 0.017666666666666744
1 0.1774895833333333 0.7043564814814816 0.009752604166666679 0.018976851851851804
1 0.26811979166666666 0.19547222222222221 0.0121458333333333 0.025842592592592598
1 0.4514973958333333 0.7861435185185184 0.012330729166666665 0.02290277777777779
1 0.5302604166666667 0.7171157407407408 0.017481770833333243 0.03271296296296297
1 0.5794869791666667 0.7895787037037036 0.0121458333333333 0.025842592592592497
0 0.5783828124999999 0.5039768518518518 0.011408854166666593 0.02257407407407403
1 0.6723255208333333 0.42693055555555554 0.009385416666666702 0.016356481481481486
1 0.7288203125 0.40108796296296295 0.009018229166666725 0.017013888888888908
1 0.8877239583333334 0.24667129629629628 0.011041666666666616 0.01570370370370375
1 0.8787994791666667 0.3513611111111111 0.01306510416666673 0.017013888888888908
1 0.9065859374999999 0.33647222222222223 0.009752604166666679 0.018648148148148143
1 0.8911276041666666 0.7154768518518518 0.009752604166666679 0.021592592592592535
1 0.6863098958333332 0.6826018518518518 0.016010416666666583 0.02126388888888897
1 0.45977864583333333 0.7531018518518519 0.028156249999999994 0.028787037037036986