1 0.076484375 0.14566203703703703 0.010671874999999997 0.020402777777777794
1 0.27667708333333335 0.7818703703703703 0.011244791666666698 0.0222361111111111
1 0.2870625 0.7480046296296297 0.027427083333333324 0.02631944444444439
1 0.360734375 0.7110787037037037 0.017328125000000028 0.027541666666666725
1 0.4066953125 0.7786064814814815 0.011476562499999954 0.023870370370370333
1 0.408875 0.5089027777777777 0.01078645833333336 0.018157407407407393
1 0.4970078124999999 0.44596759259259255 0.010328124999999966 0.017138888888888863
1 0.5464661458333333 0.4285231481481481 0.007804687499999963 0.012444444444444456
1 0.679640625 0.3100972222222222 0.008835937500000002 0.013875000000000033
1 0.669484375 0.3985324074074074 0.010557291666666746 0.015300925925925924
1 0.6916901041666667 0.3866018518518518 0.00722916666666662 0.012648148148148112
1 0.6748229166666667 0.705875 0.009755208333333432 0.01795370370370364
1 0.5029739583333334 0.6745601851851851 0.00849218749999997 0.01325925925925928