1 0.0734921875 0.1441898148148148 0.012968750000000001 0.02148611111111112
1 0.2724505208333333 0.7798935185185185 0.014343749999999988 0.02095833333333334
1 0.28340624999999997 0.7479305555555555 0.028786458333333376 0.026550925925925856
1 0.35709375 0.7113379629629629 0.01581770833333329 0.028819444444444484
1 0.4056302083333333 0.5102083333333334 0.009924479166666611 0.016416666666666697
1 0.49464583333333334 0.4454027777777778 0.00717187500000005 0.013972222222222226
1 0.5437213541666667 0.428462962962963 0.007466145833333382 0.012925925925925933
1 0.6666328125 0.39920370370370367 0.01198697916666669 0.01659259259259264
1 0.6717916666666666 0.7062731481481481 0.009726562500000036 0.01659259259259254
1 0.5012760416666667 0.6748333333333334 0.007859375000000002 0.014495370370370372
1 0.6756718749999999 0.3096851851851852 0.0072708333333333375 0.013625000000000023
1 0.6887395833333334 0.38819907407407406 0.006289062500000053 0.013449074074074079