1 0.06965364583333333 0.14413425925925927 0.011778645833333323 0.022629629629629652
1 0.26998958333333334 0.7814629629629629 0.013205729166666624 0.021574074074073992
1 0.279625 0.7491064814814814 0.02724218749999996 0.02791666666666674
1 0.35439583333333335 0.712199074074074 0.014989583333333334 0.030245370370370377
1 0.4009114583333333 0.7783981481481481 0.012372395833333383 0.018824074074074087
1 0.40221875 0.5077916666666666 0.010705729166666678 0.01818981481481489
1 0.4919192708333333 0.44487499999999996 0.00832812500000002 0.011634259259259217
1 0.5407526041666666 0.4272129629629629 0.007494791666666778 0.01522685185185186
1 0.6736354166666667 0.30803703703703705 0.007257812500000016 0.012902777777777806
1 0.6644765625 0.3983472222222222 0.010825520833333435 0.015861111111111152
1 0.6690572916666666 0.7053287037037037 0.009992187499999972 0.01818981481481489
1 0.4972109375 0.6741342592592593 0.0065442708333333655 0.014171296296296198