1 0.5087317708333333 0.7787407407407407 0.008460937499999988 0.016310185185185233
1 0.33816145833333333 0.23338425925925924 0.012869791666666686 0.02668981481481482
1 0.3644947916666667 0.24037500000000003 0.008341145833333341 0.015249999999999986
1 0.39017447916666664 0.31938425925925923 0.007268229166666695 0.016523148148148162
1 0.7014661458333333 0.22533333333333339 0.009770833333333284 0.017370370370370283
1 0.703671875 0.2544583333333334 0.024664062500000083 0.020972222222222295
1 0.7619375 0.28390277777777784 0.013463541666666634 0.023087962962963005
1 0.7955390625 0.22363888888888883 0.010604166666666748 0.01567592592592584
1 0.877875 0.31504166666666666 0.007984374999999932 0.012500000000000079
1 0.8118645833333333 0.4679861111111111 0.00989062499999993 0.019277777777777852
1 0.8815703125 0.5261342592592593 0.006315104166666696 0.012287037037036954
1 0.9241067708333334 0.5415972222222223 0.006554687499999989 0.014402777777777863
1 0.7193385416666667 0.215587962962963 0.005481770833333233 0.012287037037036954