1 0.5075729166666666 0.7799398148148149 0.009526041666666707 0.017814814814814877
1 0.33819791666666665 0.23258796296296305 0.013239583333333305 0.02771296296296298
1 0.3901614583333333 0.3212268518518518 0.008289062499999944 0.014958333333333308
1 0.36448697916666667 0.2394074074074074 0.007424479166666664 0.01319907407407407
1 0.7024375 0.2253287037037037 0.01125781250000002 0.018476851851851786
1 0.7035520833333333 0.2534814814814815 0.024867187499999943 0.022875000000000076
1 0.7613307291666667 0.2843842592592593 0.014723958333333398 0.022652777777777782
1 0.7954166666666667 0.22334722222222225 0.010145833333333298 0.019796296296296215
1 0.8778776041666667 0.3136388888888889 0.006309895833333412 0.014296296296296203
1 0.812984375 0.46661574074074075 0.008661458333333316 0.014518518518518498
1 0.8821458333333333 0.5255648148148149 0.008414062499999986 0.010995370370370437
1 0.924890625 0.5421712962962962 0.007299479166666734 0.012097222222222155
1 0.58446875 0.23995370370370367 0.006434895833333343 0.012976851851851774