1 0.5075729166666666 0.2200601851851852 0.009526041666666707 0.017814814814814825
1 0.33819791666666665 0.767412037037037 0.013239583333333305 0.02771296296296298
1 0.3901614583333333 0.6787731481481482 0.008289062499999944 0.014958333333333308
1 0.36448697916666667 0.7605925925925926 0.007424479166666664 0.01319907407407407
1 0.7024375 0.7746712962962963 0.01125781250000002 0.018476851851851786
1 0.7035520833333333 0.7465185185185185 0.024867187499999943 0.022875000000000076
1 0.7613307291666667 0.7156157407407407 0.014723958333333398 0.022652777777777782
1 0.7954166666666667 0.7766527777777777 0.010145833333333298 0.019796296296296215
1 0.8778776041666667 0.6863611111111111 0.006309895833333412 0.014296296296296203
1 0.812984375 0.5333842592592593 0.008661458333333316 0.014518518518518498
1 0.8821458333333333 0.4744351851851851 0.008414062499999986 0.010995370370370437
1 0.924890625 0.4578287037037037 0.007299479166666734 0.012097222222222155
1 0.58446875 0.7600462962962964 0.006434895833333343 0.012976851851851774