1 0.33851302083333334 0.7672129629629629 0.014158854166666623 0.027162037037037123
1 0.38999999999999996 0.6806574074074074 0.007945312499999968 0.013398148148148239
1 0.36428125 0.7604212962962963 0.007843750000000038 0.014305555555555571
1 0.5077942708333334 0.22009722222222225 0.010083333333333222 0.019375000000000017
1 0.701828125 0.7732777777777777 0.010286458333333304 0.02118518518518522
1 0.703203125 0.7454814814814815 0.026890625000000057 0.022814814814814868
1 0.7186848958333333 0.7846851851851853 0.0069270833333332504 0.01357870370370367
1 0.7623802083333333 0.7154259259259259 0.015278645833333382 0.02643518518518522
1 0.7957864583333334 0.7768981481481481 0.011611979166666675 0.02118518518518522
1 0.8773723958333334 0.6856388888888889 0.007333333333333414 0.011768518518518591
1 0.8116249999999999 0.5333564814814814 0.009471354166666668 0.016476851851851906
1 0.8817005208333333 0.47260185185185183 0.006619791666666597 0.011587962962962963
1 0.9235130208333333 0.45685185185185184 0.007130208333333332 0.012675925925925924