1 0.448578125 0.21504166666666671 0.01254947916666671 0.02140740740740732
1 0.4806328125 0.20524074074074072 0.008140625000000012 0.018087962962963014
1 0.5289661458333333 0.28257407407407403 0.014585937499999924 0.029847222222222233
1 0.5771302083333333 0.21051851851851852 0.011872395833333327 0.022009259259259215
0 0.5749270833333333 0.4976990740740741 0.01085416666666661 0.020499999999999987
1 0.6710026041666667 0.5717175925925927 0.009666666666666712 0.017185185185185265
1 0.7264609375000001 0.5970416666666667 0.01068489583333343 0.018393518518518646
1 0.8859635416666666 0.7526157407407408 0.010174479166666694 0.01598148148148147
1 0.8764661458333334 0.6489027777777778 0.012888020833333291 0.020805555555555424
1 0.9033463541666666 0.6629212962962963 0.008989583333333329 0.015675925925926038
1 0.8877447916666666 0.28543981481481484 0.011703124999999925 0.020499999999999987
1 0.6815182291666667 0.32026388888888885 0.008989583333333329 0.014773148148148094
1 0.45626822916666665 0.24750925925925918 0.027541666666666687 0.01978703703703704