1 0.448578125 0.7849583333333333 0.01254947916666671 0.02140740740740732
1 0.4806328125 0.7947592592592593 0.008140625000000012 0.018087962962963014
1 0.5289661458333333 0.717425925925926 0.014585937499999924 0.029847222222222233
1 0.5771302083333333 0.7894814814814815 0.011872395833333327 0.022009259259259215
0 0.5749270833333333 0.5023009259259259 0.01085416666666661 0.020499999999999987
1 0.6710026041666667 0.4282824074074074 0.009666666666666712 0.017185185185185168
1 0.7264609375000001 0.4029583333333333 0.01068489583333343 0.018393518518518545
1 0.8859635416666666 0.24738425925925928 0.010174479166666694 0.01598148148148147
1 0.8764661458333334 0.3510972222222222 0.012888020833333291 0.02080555555555552
1 0.9033463541666666 0.3370787037037037 0.008989583333333329 0.01567592592592594
1 0.8877447916666666 0.7145601851851852 0.011703124999999925 0.020499999999999987
1 0.6815182291666667 0.6797361111111111 0.008989583333333329 0.014773148148148094
1 0.45626822916666665 0.7524907407407408 0.027541666666666687 0.01978703703703704