1 0.44896614583333333 0.731199074074074 0.007940104166666684 0.013967592592592639
1 0.4474192708333333 0.634462962962963 0.010197916666666695 0.018425925925925943
1 0.47153385416666665 0.6445694444444444 0.007940104166666684 0.014263888888888902
1 0.2898229166666667 0.6042268518518519 0.00827343749999998 0.011740740740740878
1 0.23365625 0.5852824074074073 0.009278645833333321 0.012777777777777801
1 0.1260859375 0.518337962962963 0.009445312500000025 0.01649537037037045
1 0.08770052083333332 0.30142592592592593 0.019377604166666673 0.024606481481481406
1 0.13979166666666665 0.2302916666666667 0.011828125000000023 0.018342592592592608
1 0.25328385416666666 0.33497685185185183 0.014343749999999988 0.02012962962962956
1 0.46315885416666663 0.29493518518518513 0.012330729166666665 0.025050925925925997
1 0.40238541666666666 0.17056944444444452 0.010570312499999956 0.019685185185185163
1 0.4349739583333333 0.261162037037037 0.012330729166666665 0.026393518518518552