1 0.44896614583333333 0.2688009259259259 0.007940104166666684 0.013967592592592639
1 0.4474192708333333 0.365537037037037 0.010197916666666695 0.018425925925925943
1 0.47153385416666665 0.3554305555555556 0.007940104166666684 0.014263888888888902
1 0.2898229166666667 0.3957731481481481 0.00827343749999998 0.01174074074074078
1 0.23365625 0.41471759259259255 0.009278645833333321 0.012777777777777801
1 0.1260859375 0.4816620370370371 0.009445312500000011 0.01649537037037045
1 0.08770052083333332 0.6985740740740741 0.019377604166666673 0.024606481481481406
1 0.13979166666666665 0.7697083333333333 0.011828125000000023 0.018342592592592608
1 0.25328385416666666 0.6650231481481481 0.014343749999999988 0.02012962962962956
1 0.46315885416666663 0.7050648148148149 0.012330729166666665 0.025050925925925997
1 0.40238541666666666 0.8294305555555554 0.010570312499999956 0.019685185185185163
1 0.4349739583333333 0.738837962962963 0.012330729166666665 0.026393518518518552