1 0.5094114583333333 0.22237037037037036 0.010018229166666615 0.0239351851851852
1 0.3390078125 0.7666018518518518 0.0142447916666667 0.024768518518518492
1 0.3651510416666667 0.758949074074074 0.007671874999999995 0.01948148148148141
1 0.38957291666666666 0.6804675925925925 0.008296874999999981 0.017254629629629648
1 0.7039244791666667 0.744199074074074 0.024578124999999895 0.02003703703703705
1 0.7018880208333333 0.7732824074074074 0.009236979166666659 0.018087962962963014
1 0.7959739583333333 0.7781527777777777 0.011427083333333421 0.021152777777777725
1 0.7626302083333333 0.7177592592592592 0.012994791666666616 0.02727314814814817
1 0.8119427083333334 0.532962962962963 0.008296875000000092 0.01614351851851856
1 0.8770677083333334 0.6854768518518519 0.006419270833333268 0.01168981481481484
1 0.8819973958333333 0.4741018518518518 0.007515624999999915 0.013078703703703651
1 0.9240312500000001 0.45712499999999995 0.006419270833333268 0.011412037037037118