1 0.507984375 0.2209537037037037 0.009489583333333274 0.01842129629629631
1 0.33825000000000005 0.767337962962963 0.012710937499999964 0.02399074074074075
1 0.36558854166666666 0.7596759259259259 0.007835937500000001 0.014861111111111016
1 0.3900104166666667 0.6814305555555555 0.00966406249999996 0.01377777777777784
1 0.7033151041666666 0.7465185185185185 0.024377604166666567 0.024453703703703686
1 0.701921875 0.7746898148148147 0.010796875000000039 0.017027777777777767
1 0.7187265625 0.785212962962963 0.0053984375000000195 0.012694444444444465
1 0.760953125 0.7151759259259259 0.012536458333333389 0.023064814814814878
1 0.7961692708333333 0.7790231481481481 0.010533854166666634 0.015787037037037085
1 0.8117552083333333 0.5341574074074074 0.007921875000000078 0.01640740740740733
1 0.88184375 0.47324999999999995 0.007052083333333403 0.011606481481481504
1 0.9242447916666666 0.4581574074074074 0.006182291666666728 0.011143518518518568
1 0.8777942708333333 0.6857685185185185 0.006617187500000066 0.011300925925925872