1 0.5084895833333333 0.7774814814814816 0.010153645833333336 0.0171111111111111
1 0.338375 0.2330833333333334 0.013432291666666707 0.0236898148148149
1 0.3651848958333333 0.23937962962962958 0.00824999999999998 0.014851851851851845
1 0.3904609375 0.3190046296296296 0.0076145833333333135 0.015791666666666673
1 0.7013932291666667 0.22528240740740735 0.010153645833333336 0.0167314814814815
1 0.7036145833333334 0.2536712962962963 0.023901041666666734 0.023879629629629702
1 0.7614114583333333 0.2842222222222223 0.013854166666666723 0.02293981481481487
1 0.7961015625000001 0.22217592592592597 0.010471354166666558 0.018425925925925943
1 0.8121223958333333 0.46612962962962956 0.00825000000000009 0.016356481481481486
1 0.8822421874999999 0.5253518518518518 0.0063463541666666234 0.009212962962962874
1 0.9240703124999999 0.5420879629629629 0.005817708333333282 0.009587962962962888
1 0.8784348958333333 0.3130833333333334 0.008460937499999988 0.011847222222222144