1 0.33886197916666666 0.2326064814814815 0.01302083333333337 0.02511111111111121
1 0.36473697916666664 0.24015740740740743 0.008716145833333355 0.016282407407407322
1 0.38983854166666665 0.319212962962963 0.007283854166666659 0.018245370370370315
1 0.5080703125 0.779412037037037 0.01114583333333341 0.019814814814814754
1 0.701609375 0.22632870370370364 0.01114583333333341 0.01961574074074078
1 0.7032109375 0.2537916666666667 0.024494791666666682 0.02275462962962966
1 0.7614713541666667 0.2830231481481481 0.013903645833333256 0.02393055555555554
1 0.7957864583333334 0.22191666666666668 0.010151041666666583 0.017458333333333402
1 0.8781041666666667 0.3149953703703704 0.007945312499999968 0.011768518518518591
1 0.8121744791666666 0.4666296296296297 0.009820312500000039 0.016083333333333352
1 0.8810260416666666 0.5267546296296296 0.006731770833333428 0.01118055555555565
1 0.9240052083333333 0.5414675925925926 0.007062499999999972 0.011574074074074008
1 0.5772552083333333 0.22819444444444453 0.006950520833333362 0.010398148148148125