1 0.5083020833333334 0.22152777777777777 0.009648437500000107 0.017773148148148107
1 0.3380546875 0.7664953703703704 0.012343749999999987 0.024106481481481385
1 0.39038541666666665 0.6805740740740741 0.00747656249999995 0.01421759259259265
1 0.3642213541666666 0.7597731481481481 0.007997395833333365 0.013754629629629712
1 0.70340625 0.7460972222222222 0.024687499999999973 0.022870370370370294
1 0.70140625 0.7746111111111111 0.009213541666666769 0.018078703703703642
1 0.7957656249999999 0.7774675925925926 0.008778645833333432 0.01576388888888896
1 0.7614296875 0.7155 0.012778645833333435 0.023490740740740732
1 0.8778229166666667 0.685287037037037 0.007041666666666613 0.011898148148148182
1 0.8119348958333333 0.5333796296296296 0.009473958333333421 0.013444444444444493
1 0.8815182291666667 0.4730324074074074 0.00817187499999994 0.012671296296296338
1 0.9242421875 0.45788888888888885 0.005997395833333252 0.009583333333333301