1 0.3390755208333333 0.7680324074074074 0.012973958333333369 0.027240740740740677
1 0.36497916666666663 0.759986111111111 0.008010416666666687 0.015476851851851868
1 0.39061979166666666 0.6826712962962963 0.008445312500000024 0.01811111111111114
1 0.5083307291666667 0.22126388888888887 0.009838541666666645 0.0196574074074074
1 0.7036197916666667 0.7445833333333334 0.02533593749999996 0.021203703703703763
1 0.7018776041666667 0.7743796296296296 0.01070833333333332 0.018263888888888857
1 0.7617786458333333 0.7160277777777777 0.014888020833333293 0.025384259259259342
1 0.7954739583333333 0.7776296296296297 0.008794270833333284 0.017337962962962986
1 0.8775338541666666 0.6849166666666666 0.006791666666666751 0.012074074074074027
1 0.8120156249999999 0.5329953703703704 0.009140624999999902 0.017180555555555484
1 0.8820182291666666 0.4740231481481481 0.007052083333333403 0.013467592592592621
1 0.92415625 0.45807870370370374 0.008445312499999913 0.010370370370370412
1 0.7184635416666667 0.7851388888888889 0.0062682291666666945 0.013157407407407402