1 0.338734375 0.2324768518518519 0.01362760416666664 0.025851851851851865
1 0.36486979166666667 0.23907870370370374 0.00854166666666667 0.012652777777777797
1 0.39090104166666667 0.31943518518518516 0.00854166666666667 0.017537037037036955
1 0.50840625 0.779712962962963 0.01006770833333337 0.01825925925925927
1 0.7035755208333333 0.25455092592592593 0.024744791666666766 0.023018518518518424
1 0.7014348958333334 0.22721759259259264 0.01044010416666663 0.016425925925925868
1 0.7614192708333333 0.28471296296296295 0.013468749999999918 0.023944444444444497
1 0.8122942708333333 0.4665277777777778 0.008718750000000108 0.015222222222222272
1 0.8814401041666666 0.5262962962962963 0.008143229166666766 0.011879629629629641
1 0.9235703125 0.5429583333333333 0.005742187500000107 0.00937499999999996
1 0.8773411458333332 0.31492129629629634 0.0060026041666667584 0.012902777777777806
1 0.79571875 0.22230092592592599 0.009815104166666755 0.01754166666666674