1 0.2635859375 0.8066157407407408 0.012325520833333381 0.022481481481481522
1 0.12362239583333333 0.19017129629629625 0.01661197916666665 0.028388888888888845
1 0.1724375 0.2971527777777777 0.008359375000000002 0.017148148148148183
1 0.15030729166666665 0.21646296296296294 0.009539062499999973 0.017717592592592583
1 0.45349218750000003 0.2500925925925926 0.027328125000000036 0.02210185185185192
1 0.44523958333333336 0.2168472222222223 0.011252604166666624 0.018481481481481567
1 0.47685416666666663 0.20569907407407406 0.007179687499999976 0.01333796296296303
1 0.5258307291666666 0.2841018518518519 0.015539062500000034 0.028768518518518447
1 0.5732005208333334 0.21256018518518527 0.013395833333333274 0.019435185185185153
1 0.5904557291666667 0.1936018518518519 0.010395833333333382 0.017717592592592583
1 0.6782291666666667 0.31992129629629634 0.007395833333333268 0.014291666666666616
1 0.6669765625 0.5746527777777778 0.009322916666666625 0.01390740740740743
1 0.7237760416666668 0.5975138888888889 0.009752604166666679 0.014671296296296217
1 0.8737604166666666 0.6464814814814814 0.014361979166666705 0.02267129629629632
1 0.8838880208333334 0.7523148148148149 0.010182291666666732 0.01829166666666677
1 0.9010364583333333 0.6632453703703703 0.008039062499999972 0.014291666666666616
1 0.8847994791666667 0.28733796296296304 0.01114583333333341 0.019240740740740767