1 0.2635859375 0.19338425925925926 0.012325520833333381 0.022481481481481474
1 0.12362239583333333 0.8098287037037037 0.01661197916666665 0.028388888888888845
1 0.1724375 0.7028472222222223 0.008359375000000002 0.017148148148148183
1 0.15030729166666665 0.783537037037037 0.009539062499999973 0.017717592592592583
1 0.45349218750000003 0.7499074074074074 0.027328125000000036 0.02210185185185192
1 0.44523958333333336 0.7831527777777777 0.011252604166666624 0.018481481481481567
1 0.47685416666666663 0.7943009259259259 0.007179687499999976 0.01333796296296303
1 0.5258307291666666 0.7158981481481481 0.015539062500000034 0.028768518518518447
1 0.5732005208333334 0.7874398148148147 0.013395833333333274 0.019435185185185153
1 0.5904557291666667 0.8063981481481481 0.010395833333333382 0.017717592592592583
1 0.6782291666666667 0.6800787037037037 0.007395833333333268 0.014291666666666616
1 0.6669765625 0.4253472222222222 0.009322916666666625 0.01390740740740743
1 0.7237760416666668 0.4024861111111111 0.009752604166666679 0.014671296296296314
1 0.8737604166666666 0.3535185185185185 0.014361979166666705 0.02267129629629632
1 0.8838880208333334 0.24768518518518517 0.010182291666666732 0.018291666666666668
1 0.9010364583333333 0.3367546296296296 0.008039062499999972 0.014291666666666616
1 0.8847994791666667 0.7126620370370369 0.01114583333333341 0.019240740740740767