1 0.21147916666666666 0.7705787037037037 0.01516927083333336 0.022263888888888812
1 0.29816927083333333 0.7012824074074074 0.016403645833333313 0.0253981481481481
1 0.3446432291666667 0.49966203703703704 0.00987760416666672 0.018499999999999912
1 0.43644791666666666 0.4335 0.007937500000000042 0.017874999999999988
1 0.48654166666666665 0.4192314814814815 0.00864322916666671 0.01442592592592589
1 0.62296875 0.2999212962962963 0.007760416666666714 0.012856481481481453
1 0.6383151041666667 0.37815740740740744 0.00740885416666659 0.012541666666666649
1 0.616796875 0.39022685185185185 0.009523437499999954 0.017874999999999988
1 0.6258802083333334 0.7003425925925926 0.010054687500000048 0.018499999999999912
1 0.44544531249999997 0.6675740740740741 0.006174479166666691 0.01442592592592599
1 0.2221484375 0.7364027777777777 0.02733854166666666 0.024143518518518467