1 0.21147916666666666 0.22942129629629626 0.01516927083333336 0.022263888888888812
1 0.29816927083333333 0.29871759259259256 0.016403645833333313 0.0253981481481481
1 0.3446432291666667 0.500337962962963 0.00987760416666672 0.018499999999999912
1 0.43644791666666666 0.5665 0.007937500000000042 0.017875000000000085
1 0.48654166666666665 0.5807685185185185 0.00864322916666671 0.014425925925925794
1 0.62296875 0.7000787037037036 0.007760416666666714 0.012856481481481552
1 0.6383151041666667 0.6218425925925926 0.00740885416666659 0.01254166666666655
1 0.616796875 0.6097731481481481 0.009523437499999954 0.017875000000000085
1 0.6258802083333334 0.29965740740740743 0.010054687500000048 0.018499999999999912
1 0.44544531249999997 0.3324259259259259 0.006174479166666691 0.01442592592592599
1 0.2221484375 0.2635972222222222 0.02733854166666666 0.024143518518518467