1 0.015127604166666668 0.5280787037037037 0.012794270833333333 0.020069444444444348
1 0.14932291666666667 0.3451712962962963 0.00903124999999999 0.017662037037036962
1 0.12606770833333333 0.5979212962962963 0.00827864583333332 0.013111111111111148
1 0.18439583333333334 0.6174583333333333 0.00752604166666665 0.014717592592592667
1 0.35298697916666666 0.6462268518518519 0.010536458333333387 0.018199074074074062
1 0.3514817708333333 0.7445694444444444 0.008127604166666691 0.015254629629629571
1 0.37737499999999996 0.6600092592592594 0.008731770833333319 0.015254629629629571
1 0.37029947916666667 0.30864351851851857 0.01023697916666666 0.01899999999999993
1 0.34215104166666666 0.26863425925925927 0.011138020833333373 0.02194444444444442
1 0.31038802083333333 0.18112962962962964 0.01023697916666666 0.017125000000000057
1 0.03665364583333333 0.23786111111111108 0.01429947916666667 0.026759259259259198