1 0.015127604166666668 0.47192129629629626 0.012794270833333333 0.020069444444444348
1 0.14932291666666667 0.6548287037037037 0.00903124999999999 0.017662037037036962
1 0.12606770833333333 0.4020787037037037 0.00827864583333332 0.013111111111111148
1 0.18439583333333334 0.38254166666666667 0.00752604166666665 0.014717592592592569
1 0.35298697916666666 0.3537731481481481 0.010536458333333387 0.018199074074074062
1 0.3514817708333333 0.2554305555555556 0.008127604166666691 0.01525462962962967
1 0.37737499999999996 0.33999074074074076 0.008731770833333319 0.01525462962962967
1 0.37029947916666667 0.6913564814814814 0.01023697916666666 0.01899999999999993
1 0.34215104166666666 0.7313657407407407 0.011138020833333373 0.02194444444444442
1 0.31038802083333333 0.8188703703703704 0.01023697916666666 0.017125000000000057
1 0.03665364583333333 0.7621388888888889 0.014299479166666667 0.026759259259259198