1 0.05746614583333333 0.21700925925925926 0.010192708333333328 0.017004629629629637
1 0.06577864583333333 0.3216851851851852 0.013640624999999997 0.025643518518518524
1 0.031515625 0.8178703703703704 0.012856770833333336 0.01784259259259259
1 0.09462760416666667 0.6857407407407408 0.011760416666666662 0.025643518518518524
1 0.0646015625 0.7279722222222222 0.012544270833333336 0.0209074074074075
1 0.5797682291666666 0.780513888888889 0.016151041666666588 0.025643518518518524
1 0.5998385416666667 0.7735462962962962 0.007997395833333254 0.01728240740740736
1 0.623671875 0.6966111111111111 0.00924999999999998 0.019513888888888904
1 0.9288046875 0.7586342592592593 0.024304687499999922 0.019791666666666628
1 0.9316276041666666 0.7874861111111111 0.011132812500000089 0.01728240740740736
1 0.9796093749999999 0.7299212962962964 0.013015624999999975 0.019236111111111183