1 0.05746614583333333 0.7829907407407407 0.010192708333333328 0.017004629629629637
1 0.06577864583333333 0.6783148148148148 0.01364062499999999 0.025643518518518524
1 0.031515625 0.18212962962962967 0.012856770833333336 0.01784259259259259
1 0.09462760416666667 0.31425925925925924 0.011760416666666662 0.025643518518518524
1 0.0646015625 0.27202777777777776 0.012544270833333343 0.0209074074074075
1 0.5797682291666666 0.21948611111111108 0.016151041666666588 0.025643518518518524
1 0.5998385416666667 0.22645370370370374 0.007997395833333254 0.01728240740740736
1 0.623671875 0.30338888888888893 0.00924999999999998 0.019513888888888904
1 0.9288046875 0.2413657407407407 0.024304687499999922 0.019791666666666628
1 0.9316276041666666 0.21251388888888892 0.011132812500000089 0.01728240740740736
1 0.9796093749999999 0.2700787037037036 0.013015624999999975 0.019236111111111183