1 0.05427604166666666 0.21587037037037035 0.009507812500000004 0.014791666666666635
1 0.06437760416666667 0.3239768518518518 0.013867187499999989 0.023944444444444397
1 0.09201041666666666 0.6861666666666666 0.01366666666666666 0.021481481481481483
1 0.060911458333333335 0.7284212962962964 0.014856770833333338 0.022888888888888834
1 0.02862239583333333 0.8178703703703704 0.016835937500000002 0.022888888888888834
1 0.5761302083333334 0.7775462962962963 0.01287499999999997 0.025356481481481435
1 0.6217864583333332 0.6976111111111111 0.011489583333333275 0.019013888888888886
1 0.5981171875 0.7724398148148148 0.008518229166666558 0.017958333333333423
1 0.9249557291666667 0.7581805555555555 0.026742187500000014 0.019013888888888886
1 0.9292161458333333 0.7875833333333334 0.012281250000000021 0.015847222222222297
1 0.9798255208333334 0.730537037037037 0.013666666666666716 0.022888888888888834