1 0.35265364583333336 0.19777777777777777 0.010083333333333333 0.018333333333333337
1 0.217515625 0.6848888888888889 0.007906250000000004 0.015685185185185208
1 0.18921614583333335 0.7676851851851851 0.008135416666666673 0.014259259259259317
1 0.158109375 0.774712962962963 0.014664062500000019 0.02912499999999992
1 0.4109713541666667 0.7752222222222223 0.0075625000000000275 0.010592592592592511
1 0.5431875 0.776037037037037 0.011687500000000073 0.02118518518518522
1 0.6096380208333334 0.7126898148148149 0.013062499999999977 0.024847222222222243
1 0.6490520833333333 0.7779722222222223 0.011687500000000073 0.019351851851851818
1 0.6593046875 0.5242824074074074 0.009281249999999908 0.0171111111111111
1 0.7353828124999999 0.4619537037037037 0.00882291666666668 0.011407407407407335
1 0.7820130208333332 0.4473935185185185 0.006760416666666602 0.012425925925925915
1 0.8997369791666666 0.3320046296296296 0.008020833333333366 0.013851851851851806
1 0.8872473958333333 0.4173472222222222 0.009624999999999995 0.017518518518518513
1 0.907984375 0.4073657407407407 0.005729166666666563 0.012222222222222258
1 0.8858723958333333 0.715337962962963 0.010083333333333444 0.017925925925925925
1 0.5478854166666667 0.7449722222222223 0.026122395833333423 0.023425925925925937