1 0.15490625 0.22644907407407416 0.015476562500000013 0.03137500000000001
1 0.21426041666666665 0.3171157407407408 0.009924479166666667 0.015810185185185215
1 0.18642187500000001 0.23314814814814808 0.008893229166666683 0.016037037037037096
1 0.3501614583333333 0.8025 0.011598958333333353 0.021995370370370262
1 0.5438671875 0.25640277777777776 0.025260416666666563 0.023597222222222197
1 0.5407083333333333 0.22420833333333334 0.010697916666666751 0.020162037037037055
1 0.6074661458333334 0.28675925925925927 0.012242187500000057 0.024287037037037013
1 0.645421875 0.222837962962963 0.008763020833333357 0.019245370370370354
1 0.7330598958333333 0.5368425925925926 0.007216145833333298 0.01260185185185176
1 0.7786171875 0.5528796296296297 0.0060572916666665755 0.010768518518518554
1 0.884296875 0.5823194444444444 0.010182291666666732 0.018787037037037005
1 0.8971848958333334 0.6689259259259259 0.008119791666666654 0.012370370370370488
1 0.8834609374999999 0.2859583333333334 0.009020833333333256 0.01856018518518512
1 0.6565703125 0.47578240740740746 0.008377604166666774 0.01649537037037045
1 0.40783593749999997 0.22524074074074077 0.006830729166666716 0.011685185185185255