1 0.15490625 0.7735509259259259 0.015476562500000013 0.03137500000000001
1 0.21426041666666665 0.6828842592592592 0.009924479166666667 0.015810185185185215
1 0.18642187500000001 0.7668518518518519 0.008893229166666683 0.016037037037037096
1 0.3501614583333333 0.1975 0.011598958333333353 0.02199537037037036
1 0.5438671875 0.7435972222222222 0.025260416666666563 0.023597222222222197
1 0.5407083333333333 0.7757916666666667 0.010697916666666751 0.020162037037037055
1 0.6074661458333334 0.7132407407407407 0.012242187500000057 0.024287037037037013
1 0.645421875 0.777162037037037 0.008763020833333357 0.019245370370370354
1 0.7330598958333333 0.4631574074074074 0.007216145833333298 0.01260185185185176
1 0.7786171875 0.4471203703703704 0.0060572916666665755 0.010768518518518554
1 0.884296875 0.41768055555555555 0.010182291666666732 0.018787037037037005
1 0.8971848958333334 0.3310740740740741 0.008119791666666654 0.01237037037037039
1 0.8834609374999999 0.7140416666666666 0.009020833333333256 0.01856018518518512
1 0.6565703125 0.5242175925925925 0.008377604166666774 0.01649537037037045
1 0.40783593749999997 0.7747592592592593 0.006830729166666716 0.011685185185185255