1 0.34765885416666664 0.8024027777777777 0.011171875000000053 0.020962962962962923
1 0.4050651041666667 0.22493981481481473 0.006825520833333321 0.011694444444444427
1 0.5375624999999999 0.22537962962962965 0.010177083333333226 0.018754629629629704
1 0.60390625 0.2867222222222222 0.012289062500000059 0.02669907407407399
1 0.6436848958333333 0.222513888888889 0.01092187499999997 0.02007870370370372
1 0.6541744791666667 0.4766018518518519 0.009557291666666634 0.017652777777777788
1 0.7314375 0.5369490740740741 0.007695312500000107 0.013458333333333251
1 0.7763697916666668 0.5535 0.007695312500000107 0.013902777777777844
1 0.8817473958333333 0.582625 0.01092187499999997 0.018314814814814895
1 0.9027864583333333 0.5943194444444444 0.006330729166666771 0.013458333333333251
1 0.8955885416666667 0.6682407407407407 0.007820312500000037 0.01566666666666667
1 0.8810651041666666 0.28705555555555556 0.009557291666666634 0.019861111111111204
1 0.5409140625000001 0.25704629629629633 0.02532031250000011 0.025152777777777875