1 0.34765885416666664 0.19759722222222223 0.011171875000000053 0.020962962962962975
1 0.4050651041666667 0.7750601851851853 0.006825520833333321 0.011694444444444427
1 0.5375624999999999 0.7746203703703703 0.010177083333333226 0.018754629629629704
1 0.60390625 0.7132777777777778 0.012289062500000059 0.02669907407407399
1 0.6436848958333333 0.777486111111111 0.01092187499999997 0.02007870370370372
1 0.6541744791666667 0.5233981481481481 0.009557291666666634 0.017652777777777788
1 0.7314375 0.4630509259259259 0.007695312500000107 0.013458333333333251
1 0.7763697916666668 0.44650000000000006 0.007695312500000107 0.013902777777777844
1 0.8817473958333333 0.417375 0.01092187499999997 0.018314814814814798
1 0.9027864583333333 0.40568055555555554 0.006330729166666771 0.01345833333333335
1 0.8955885416666667 0.33175925925925925 0.007820312500000037 0.01566666666666667
1 0.8810651041666666 0.7129444444444445 0.009557291666666634 0.019861111111111204
1 0.5409140625000001 0.7429537037037037 0.02532031250000011 0.025152777777777875