1 0.15076041666666665 0.19715740740740742 0.012244791666666643 0.024115740740740757
1 0.31702343749999995 0.7807962962962962 0.013916666666666688 0.02380092592592595
1 0.3278125 0.7447777777777778 0.02598437499999995 0.02443055555555556
1 0.3512890625 0.7883935185185185 0.007398437500000021 0.014564814814814753
1 0.4476979166666667 0.7807962962962962 0.01101041666666669 0.019416666666666613
1 0.5493932291666667 0.6731342592592592 0.007575520833333238 0.0158148148148148
1 0.7538880208333333 0.7062546296296296 0.012067708333333371 0.02129629629629627
1 0.7387369791666667 0.35187499999999994 0.011716145833333247 0.022861111111111124
1 0.7647213541666668 0.33738888888888885 0.00872135416666664 0.0158148148148148
1 0.7443281249999999 0.24969444444444447 0.008809895833333359 0.013935185185185143
1 0.5340677083333334 0.4267314814814815 0.008984375000000044 0.013467592592592621
1 0.5881536458333334 0.40324074074074073 0.009335937499999947 0.015347222222222179
0 0.44113541666666667 0.4994675925925926 0.009864583333333288 0.018634259259259284
1 0.3986796875 0.710875 0.014093750000000016 0.027402777777777762