1 0.3740130208333333 0.7389398148148147 0.01123697916666666 0.0152777777777777
1 0.38409114583333337 0.7106435185185185 0.024786458333333372 0.02604629629629625
0 0.44705208333333335 0.684300925925926 0.010135416666666619 0.022717592592592577
1 0.4839583333333333 0.4915833333333333 0.00947395833333331 0.019583333333333286
1 0.49139322916666667 0.7526527777777778 0.010244791666666697 0.02075925925925917
1 0.5874583333333334 0.6567824074074075 0.008481770833333346 0.017037037037037135
1 0.5725312499999999 0.4214675925925926 0.008593749999999956 0.014101851851851817
1 0.6246380208333333 0.39992592592592596 0.007932291666666647 0.011749999999999951
1 0.7850390625 0.24990277777777775 0.009695312500000108 0.014884259259259243
1 0.7810755208333333 0.35311574074074076 0.012778645833333435 0.019976851851851843
1 0.8067421874999999 0.3368611111111111 0.009914062500000043 0.014101851851851817
1 0.7941848958333333 0.7031018518518519 0.011677083333333282 0.02193518518518525
1 0.7308385416666667 0.8294259259259259 0.01013541666666673 0.01566666666666667