1 0.22108072916666668 0.2110324074074074 0.006453125000000004 0.018773148148148146
1 0.36809375 0.7397407407407407 0.010658854166666676 0.01929629629629639
1 0.37919010416666665 0.7105370370370371 0.02268489583333333 0.022078703703703795
0 0.44201562499999997 0.6851574074074074 0.00948437499999999 0.01860185185185179
1 0.4862109375 0.7514722222222222 0.011049479166666654 0.01912037037037035
1 0.4786328125 0.49116203703703704 0.009583333333333277 0.017208333333333395
1 0.5671744791666666 0.4238009259259259 0.008312499999999945 0.013212962962962926
1 0.6197317708333333 0.40016203703703707 0.009778645833333321 0.011125000000000027
1 0.7787708333333333 0.2501435185185185 0.010265624999999945 0.014949074074074038
1 0.80140625 0.3377546296296296 0.008213541666666657 0.015643518518518543
1 0.7761796875 0.3534861111111111 0.01486197916666665 0.017208333333333294
1 0.7893307291666667 0.7028888888888889 0.011440104166666742 0.022078703703703795
1 0.5820859375 0.6564722222222222 0.008018229166666613 0.011995370370370276