1 0.130421875 0.7872222222222223 0.006942708333333325 0.013865740740740762
1 0.2595885416666667 0.26434722222222223 0.009947916666666723 0.018449074074074073
1 0.2950130208333333 0.2532777777777777 0.00665625000000003 0.013101851851851778
1 0.3770572916666667 0.25257870370370367 0.010161458333333373 0.018574074074074076
0 0.3326171875 0.3186064814814815 0.009158854166666619 0.015773148148148133
1 0.3651067708333333 0.5090555555555556 0.010018229166666615 0.016027777777777728
1 0.4515885416666666 0.5764814814814815 0.006942708333333325 0.009921296296296234
1 0.5007864583333334 0.597537037037037 0.006010416666666574 0.011069444444444403
1 0.652640625 0.7426944444444445 0.0065833333333333854 0.013356481481481572
1 0.6518906250000001 0.6419398148148149 0.011091145833333371 0.019462962962962866
1 0.6764348958333334 0.6586018518518518 0.0060833333333334405 0.010560185185185212
1 0.6680989583333333 0.3021944444444445 0.010591145833333426 0.018064814814814884
1 0.6422994791666666 0.26492129629629635 0.005653645833333387 0.015773148148148133
1 0.6102760416666667 0.1791759259259259 0.010877604166666721 0.017555555555555498
1 0.4701223958333333 0.3465972222222223 0.00708333333333333 0.012212962962962988
1 0.27146875000000004 0.2932268518518518 0.020539062500000038 0.02022685185185185