1 0.130421875 0.2127777777777778 0.006942708333333325 0.013865740740740762
1 0.2595885416666667 0.7356527777777777 0.009947916666666723 0.018449074074074073
1 0.2950130208333333 0.7467222222222223 0.00665625000000003 0.013101851851851778
1 0.3770572916666667 0.7474212962962964 0.010161458333333373 0.018574074074074076
0 0.3326171875 0.6813935185185185 0.009158854166666619 0.015773148148148133
1 0.3651067708333333 0.4909444444444444 0.010018229166666615 0.016027777777777728
1 0.4515885416666666 0.4235185185185185 0.006942708333333325 0.009921296296296333
1 0.5007864583333334 0.40246296296296297 0.006010416666666629 0.011069444444444403
1 0.652640625 0.25730555555555557 0.0065833333333333854 0.013356481481481473
1 0.6518906250000001 0.3580601851851852 0.011091145833333371 0.019462962962962967
1 0.6764348958333334 0.3413981481481481 0.0060833333333334405 0.010560185185185212
1 0.6680989583333333 0.6978055555555556 0.010591145833333426 0.018064814814814884
1 0.6422994791666666 0.7350787037037037 0.005653645833333387 0.015773148148148133
1 0.6102760416666667 0.8208240740740741 0.010877604166666721 0.017555555555555498
1 0.4701223958333333 0.6534027777777777 0.00708333333333333 0.012212962962962988
1 0.27146875000000004 0.7067731481481482 0.020539062500000038 0.02022685185185185