1 0.2404921875 0.19393981481481481 0.010406250000000006 0.022888888888888886
1 0.07857552083333334 0.7977037037037037 0.01534374999999999 0.02633796296296293
1 0.1328125 0.6923472222222222 0.008114583333333314 0.020069444444444348
1 0.10565104166666667 0.7723055555555556 0.00881770833333334 0.01567592592592584
1 0.418328125 0.7622546296296296 0.011046875000000012 0.019495370370370364
1 0.4260677083333333 0.7313657407407407 0.02330208333333328 0.023078703703703636
1 0.44606250000000003 0.772361111111111 0.006854166666666717 0.012754629629629675
1 0.49044791666666665 0.6983981481481482 0.013382812499999952 0.024222222222222218
1 0.5322109375 0.7631851851851852 0.011127604166666583 0.016768518518518585
1 0.6211822916666667 0.6660787037037037 0.005885416666666643 0.012328703703703623
1 0.7815885416666667 0.6977546296296296 0.00838541666666659 0.01662500000000004
1 0.7757031249999999 0.39868518518518514 0.009513020833333385 0.015912037037036992
1 0.7967447916666667 0.38707407407407407 0.006127604166666689 0.011037037037037005
1 0.7863046874999999 0.3134722222222222 0.0065312500000000995 0.012898148148148122
1 0.6622604166666667 0.4288564814814815 0.007096354166666652 0.01204166666666663
1 0.6162239583333333 0.44634722222222223 0.006934895833333288 0.011467592592592545
1 0.5364453124999999 0.5071203703703704 0.008627604166666636 0.014333333333333285