1 0.48776041666666664 0.19600462962962964 0.011750000000000038 0.01852777777777777
1 0.32350520833333335 0.7646759259259259 0.012669270833333357 0.02524999999999997
1 0.37245052083333335 0.6790277777777778 0.0075625000000000275 0.013805555555555552
1 0.34991927083333335 0.7589537037037037 0.009093750000000012 0.015259259259259354
1 0.6996328125 0.7804814814814814 0.010421875000000025 0.019800925925925996
1 0.703515625 0.7476018518518518 0.02881510416666666 0.02452314814814807
1 0.7741744791666666 0.7166296296296296 0.014406249999999954 0.026523148148148143
1 0.8227109375 0.7912916666666666 0.010523437500000066 0.02252314814814819
1 0.8323151041666667 0.503912037037037 0.010523437500000066 0.02034722222222227
1 0.9280078125000001 0.4286157407407407 0.010627604166666638 0.012171296296296319
1 0.9848723958333333 0.40572685185185187 0.0090937499999999 0.014351851851851826