1 0.48776041666666664 0.8039953703703704 0.011750000000000038 0.018527777777777824
1 0.32350520833333335 0.2353240740740741 0.012669270833333357 0.02524999999999997
1 0.37245052083333335 0.3209722222222222 0.0075625000000000275 0.013805555555555552
1 0.34991927083333335 0.24104629629629631 0.009093750000000012 0.015259259259259354
1 0.6996328125 0.21951851851851856 0.010421875000000025 0.019800925925925996
1 0.703515625 0.2523981481481482 0.02881510416666666 0.02452314814814807
1 0.7741744791666666 0.2833703703703704 0.014406249999999954 0.026523148148148143
1 0.8227109375 0.20870833333333336 0.010523437500000066 0.02252314814814819
1 0.8323151041666667 0.496087962962963 0.010523437500000066 0.02034722222222227
1 0.9280078125000001 0.5713842592592593 0.010627604166666638 0.012171296296296319
1 0.9848723958333333 0.5942731481481481 0.0090937499999999 0.014351851851851826