1 0.23802083333333332 0.807375 0.009942708333333328 0.018574074074074076
1 0.4232109375 0.2694907407407407 0.02746614583333329 0.021870370370370453
1 0.41533333333333333 0.2384861111111112 0.011710937499999963 0.01797222222222218
1 0.48859375 0.30147222222222225 0.012973958333333369 0.024416666666666604
1 0.6192291666666667 0.33285185185185184 0.0059817708333334 0.012583333333333415
1 0.5336276041666667 0.49364814814814817 0.009351562500000021 0.015129629629629568
1 0.6134166666666666 0.554087962962963 0.007161458333333259 0.012879629629629678
1 0.6596718749999999 0.5712361111111112 0.00665625000000003 0.01153240740740734
1 0.7840755208333333 0.6870972222222222 0.007414062500000096 0.013481481481481379
1 0.7941848958333333 0.61325 0.006739583333333243 0.010782407407407312
1 0.7737526041666667 0.6024675925925926 0.011374999999999913 0.017375000000000067
1 0.7794817708333334 0.3025185185185186 0.009690104166666602 0.015726851851851877
1 0.5297109375 0.2360138888888889 0.009942708333333439 0.018125000000000096