1 0.23802083333333332 0.192625 0.009942708333333328 0.018574074074074076
1 0.4232109375 0.7305092592592594 0.02746614583333329 0.021870370370370453
1 0.41533333333333333 0.7615138888888888 0.011710937499999963 0.01797222222222218
1 0.48859375 0.6985277777777777 0.012973958333333369 0.024416666666666604
1 0.6192291666666667 0.6671481481481482 0.0059817708333334 0.012583333333333415
1 0.5336276041666667 0.5063518518518518 0.009351562500000021 0.015129629629629568
1 0.6134166666666666 0.445912037037037 0.007161458333333259 0.012879629629629678
1 0.6596718749999999 0.4287638888888889 0.00665625000000003 0.011532407407407439
1 0.7840755208333333 0.31290277777777775 0.007414062500000096 0.013481481481481476
1 0.7941848958333333 0.38675 0.006739583333333243 0.01078240740740741
1 0.7737526041666667 0.39753240740740736 0.011374999999999913 0.017374999999999967
1 0.7794817708333334 0.6974814814814815 0.009690104166666602 0.015726851851851877
1 0.5297109375 0.763986111111111 0.009942708333333439 0.018125000000000096