1 0.3189375 0.7633981481481481 0.015195312499999947 0.024532407407407437
1 0.3445598958333333 0.7584351851851853 0.00658854166666667 0.014611111111111205
1 0.3677786458333333 0.6795324074074074 0.009611979166666673 0.016125000000000018
1 0.48208854166666665 0.19577777777777777 0.010619791666666711 0.02108796296296298
1 0.693578125 0.7806944444444445 0.011861979166666758 0.019435185185185153
1 0.7685833333333334 0.7168796296296296 0.016124999999999945 0.028527777777777805
1 0.8163385416666666 0.7901342592592593 0.01085416666666661 0.019018518518518473
1 0.920609375 0.42938425925925927 0.008218749999999941 0.013092592592592607
1 0.9778229166666667 0.4059537037037037 0.008528645833333348 0.01585185185185188
1 0.8262604166666667 0.5044305555555555 0.01162760416666675 0.017916666666666754
1 0.6967942708333333 0.7468564814814814 0.02821874999999996 0.026185185185185214