1 0.3189375 0.23660185185185187 0.015195312499999947 0.024532407407407437
1 0.3445598958333333 0.24156481481481476 0.00658854166666667 0.014611111111111205
1 0.3677786458333333 0.3204675925925926 0.009611979166666673 0.016125000000000018
1 0.48208854166666665 0.8042222222222222 0.010619791666666711 0.02108796296296293
1 0.693578125 0.21930555555555553 0.011861979166666758 0.019435185185185153
1 0.7685833333333334 0.2831203703703704 0.016124999999999945 0.028527777777777805
1 0.8163385416666666 0.20986574074074069 0.01085416666666661 0.019018518518518473
1 0.920609375 0.5706157407407407 0.008218749999999941 0.013092592592592607
1 0.9778229166666667 0.5940462962962962 0.008528645833333348 0.01585185185185188
1 0.8262604166666667 0.4955694444444445 0.01162760416666675 0.017916666666666754
1 0.6967942708333333 0.2531435185185186 0.02821874999999996 0.026185185185185214