1 0.1459427083333333 0.7562037037037037 0.016289062500000007 0.025194444444444544
1 0.17285677083333334 0.750125 0.007247395833333337 0.013032407407407397
1 0.1941145833333333 0.6715787037037036 0.007411458333333343 0.016361111111111073
1 0.3100442708333333 0.19675925925925924 0.010588541666666673 0.019402777777777755
1 0.6133697916666667 0.498199074074074 0.009364583333333343 0.01824074074074073
1 0.7060494791666667 0.42544444444444446 0.009039062500000083 0.013462962962962935
1 0.761796875 0.4031481481481481 0.008796875000000037 0.013462962962962935
1 0.919546875 0.2556898148148148 0.00960937499999992 0.016217592592592627
1 0.9074947916666667 0.3579027777777778 0.012541666666666673 0.018532407407407407
1 0.9350624999999999 0.3419768518518518 0.007736979166666602 0.012162037037037048
1 0.9179583333333333 0.7107407407407407 0.011645833333333355 0.018824074074074087
1 0.6128411458333333 0.7747361111111111 0.011239583333333414 0.021138888888888967
1 0.5659713541666667 0.7026342592592593 0.013276041666666627 0.02403240740740742
1 0.5189817708333333 0.7761851851851851 0.007572916666666707 0.013032407407407397
1 0.4905572916666667 0.7653240740740741 0.010343749999999985 0.01968981481481475
1 0.49825520833333325 0.7338333333333333 0.02605989583333329 0.023310185185185104
1 0.360171875 0.7629351851851852 0.006921874999999966 0.010856481481481476