1 0.1459427083333333 0.24379629629629632 0.016289062500000007 0.025194444444444544
1 0.17285677083333334 0.24987499999999999 0.007247395833333337 0.013032407407407397
1 0.1941145833333333 0.32842129629629635 0.007411458333333343 0.016361111111111073
1 0.3100442708333333 0.8032407407407408 0.010588541666666673 0.019402777777777856
1 0.6133697916666667 0.501800925925926 0.009364583333333343 0.01824074074074073
1 0.7060494791666667 0.5745555555555555 0.009039062500000083 0.013462962962963034
1 0.761796875 0.5968518518518519 0.008796875000000037 0.013462962962962836
1 0.919546875 0.7443101851851852 0.00960937499999992 0.016217592592592527
1 0.9074947916666667 0.6420972222222221 0.012541666666666673 0.018532407407407407
1 0.9350624999999999 0.6580231481481482 0.007736979166666602 0.01216203703703695
1 0.9179583333333333 0.28925925925925927 0.011645833333333355 0.018824074074074087
1 0.6128411458333333 0.2252638888888889 0.011239583333333414 0.021138888888888967
1 0.5659713541666667 0.29736574074074074 0.013276041666666627 0.02403240740740742
1 0.5189817708333333 0.22381481481481488 0.007572916666666707 0.013032407407407397
1 0.4905572916666667 0.23467592592592595 0.010343749999999985 0.01968981481481475
1 0.49825520833333325 0.26616666666666666 0.026059895833333346 0.023310185185185104
1 0.360171875 0.23706481481481478 0.006921874999999966 0.010856481481481476