1 0.06419791666666667 0.5193703703703704 0.01243749999999999 0.016888888888888804
1 0.02330989583333333 0.3012083333333333 0.017236979166666666 0.024898148148148082
1 0.08089583333333333 0.22904166666666667 0.01175260416666668 0.020893518518518544
1 0.19411197916666667 0.3356851851851852 0.007052083333333348 0.010273148148148122
1 0.34983072916666663 0.16923611111111114 0.010184895833333374 0.013754629629629712
1 0.3818072916666667 0.2579444444444445 0.009109374999999975 0.01671296296296296
1 0.4105520833333333 0.2979907407407408 0.010184895833333374 0.018805555555555544
1 0.39522395833333335 0.6345416666666667 0.009695312499999997 0.018453703703703656
1 0.419953125 0.6478611111111111 0.008226562499999979 0.013407407407407411
1 0.3949296875 0.7360509259259259 0.007932291666666647 0.01253703703703716
1 0.23196354166666666 0.6051203703703704 0.007932291666666647 0.014624999999999963
1 0.17364322916666666 0.586925925925926 0.009598958333333352 0.013407407407407411