1 0.06419791666666667 0.48062962962962963 0.012437499999999997 0.016888888888888804
1 0.02330989583333333 0.6987916666666667 0.017236979166666663 0.024898148148148082
1 0.08089583333333333 0.7709583333333333 0.01175260416666668 0.020893518518518544
1 0.19411197916666667 0.6643148148148148 0.007052083333333348 0.010273148148148122
1 0.34983072916666663 0.8307638888888889 0.010184895833333374 0.013754629629629712
1 0.3818072916666667 0.7420555555555555 0.009109374999999975 0.01671296296296296
1 0.4105520833333333 0.7020092592592593 0.010184895833333374 0.018805555555555544
1 0.39522395833333335 0.36545833333333333 0.009695312499999997 0.018453703703703656
1 0.419953125 0.3521388888888889 0.008226562499999979 0.013407407407407411
1 0.3949296875 0.26394907407407403 0.007932291666666647 0.012537037037037062
1 0.23196354166666666 0.39487962962962964 0.007932291666666647 0.014624999999999963
1 0.17364322916666666 0.4130740740740741 0.009598958333333352 0.013407407407407411