1 0.30532291666666667 0.802875 0.009583333333333277 0.01743055555555549
1 0.1413984375 0.24264814814814814 0.01663541666666668 0.02389351851851846
1 0.1884375 0.3287222222222222 0.00804166666666667 0.01390740740740743
1 0.16816666666666666 0.24999074074074074 0.008481770833333346 0.015472222222222283
1 0.48527864583333336 0.23540277777777785 0.010356770833333306 0.018800925925925957
1 0.4929348958333333 0.26605092592592594 0.02478645833333326 0.023305555555555517
1 0.5611848958333333 0.2961157407407407 0.013218750000000057 0.025851851851851865
1 0.6076171875 0.2256111111111111 0.010466145833333274 0.018800925925925957
1 0.6086640624999999 0.5018564814814815 0.009914062500000043 0.0193888888888889
1 0.7004869791666666 0.5748101851851852 0.007161458333333259 0.012143518518518606
1 0.7559010416666666 0.5978240740740741 0.008703125000000034 0.013120370370370516
1 0.9136588541666666 0.7441203703703704 0.009583333333333277 0.015078703703703726
1 0.9029166666666666 0.6423796296296297 0.012338541666666591 0.018800925925925957
1 0.9295781249999999 0.6573611111111111 0.007932291666666647 0.015472222222222283
1 0.9128880208333333 0.28955555555555557 0.011127604166666583 0.01860648148148157
1 0.5151901041666667 0.22227777777777774 0.006721354166666638 0.012143518518518606