1 0.30532291666666667 0.197125 0.009583333333333277 0.017430555555555543
1 0.1413984375 0.7573518518518518 0.01663541666666668 0.02389351851851846
1 0.1884375 0.6712777777777778 0.00804166666666667 0.01390740740740743
1 0.16816666666666666 0.7500092592592593 0.008481770833333346 0.015472222222222283
1 0.48527864583333336 0.7645972222222222 0.010356770833333306 0.018800925925925957
1 0.4929348958333333 0.7339490740740741 0.02478645833333326 0.023305555555555517
1 0.5611848958333333 0.7038842592592593 0.013218750000000057 0.025851851851851865
1 0.6076171875 0.7743888888888889 0.010466145833333274 0.018800925925925957
1 0.6086640624999999 0.49814351851851846 0.009914062500000043 0.0193888888888889
1 0.7004869791666666 0.42518981481481477 0.007161458333333259 0.012143518518518507
1 0.7559010416666666 0.40217592592592594 0.008703125000000034 0.013120370370370418
1 0.9136588541666666 0.2558796296296297 0.009583333333333277 0.015078703703703726
1 0.9029166666666666 0.3576203703703704 0.012338541666666591 0.018800925925925957
1 0.9295781249999999 0.34263888888888894 0.007932291666666647 0.015472222222222184
1 0.9128880208333333 0.7104444444444444 0.011127604166666583 0.01860648148148157
1 0.5151901041666667 0.7777222222222222 0.006721354166666638 0.012143518518518606