1 0.12652083333333333 0.7648379629629629 0.013794270833333344 0.02617129629629626
1 0.15451562500000002 0.7539166666666667 0.007651041666666691 0.015865740740740836
1 0.17659635416666666 0.6762268518518518 0.008692708333333354 0.01627777777777774
1 0.2849192708333333 0.19741666666666668 0.011127604166666694 0.018958333333333313
1 0.4694583333333333 0.7319675925925925 0.02735677083333332 0.027203703703703792
1 0.46157552083333336 0.7637037037037037 0.011591145833333316 0.021430555555555644
1 0.5374427083333334 0.7004398148148148 0.014026041666666655 0.022666666666666738
1 0.5827083333333333 0.4979722222222222 0.013677083333333284 0.018342592592592608
1 0.6753828125 0.42388888888888887 0.008924479166666721 0.01442592592592589
0 0.7293984375 0.4001944444444444 0.007997395833333254 0.010717592592592615
1 0.6847135416666668 0.667675925925926 0.008578125000000103 0.014013888888888893