1 0.12652083333333333 0.2351620370370371 0.013794270833333344 0.02617129629629626
1 0.15451562500000002 0.2460833333333333 0.007651041666666691 0.015865740740740836
1 0.17659635416666666 0.32377314814814817 0.008692708333333354 0.01627777777777774
1 0.2849192708333333 0.8025833333333333 0.011127604166666694 0.01895833333333326
1 0.4694583333333333 0.26803240740740747 0.02735677083333332 0.027203703703703792
1 0.46157552083333336 0.23629629629629634 0.011591145833333316 0.021430555555555644
1 0.5374427083333334 0.29956018518518523 0.014026041666666655 0.022666666666666738
1 0.5827083333333333 0.5020277777777777 0.013677083333333284 0.018342592592592608
1 0.6753828125 0.5761111111111111 0.008924479166666721 0.01442592592592599
0 0.7293984375 0.5998055555555557 0.007997395833333254 0.010717592592592714
1 0.6847135416666668 0.33232407407407405 0.008578125000000103 0.014013888888888893