1 0.17559895833333333 0.7978842592592592 0.010317708333333342 0.016986111111111098
1 0.33342968749999996 0.24061574074074077 0.009554687499999992 0.018685185185185124
1 0.3441536458333333 0.27119907407407406 0.02485416666666662 0.025115740740740793
1 0.410953125 0.30569444444444444 0.012645833333333356 0.021861111111111085
1 0.45115625 0.5037453703703704 0.009679687500000034 0.017055555555555477
1 0.5421979166666666 0.5752916666666666 0.006541666666666668 0.013486111111110964
0 0.5934739583333334 0.5972268518518518 0.007236979166666657 0.011162037037036911
1 0.7451223958333333 0.7414074074074074 0.007760416666666714 0.013023148148148225
1 0.7393229166666666 0.6417222222222222 0.010463541666666742 0.01767129629629633
1 0.7652682291666667 0.658699074074074 0.006888020833333286 0.013486111111111162
1 0.7545416666666667 0.3005787037037037 0.011598958333333353 0.020310185185185188
1 0.6962005208333333 0.1705833333333334 0.008109375000000085 0.008370370370370337
1 0.5548411458333333 0.336 0.0067135416666666 0.012092592592592568