1 0.07249479166666667 0.7990462962962963 0.01733072916666667 0.0265370370370371
1 0.09960416666666667 0.7725046296296295 0.010466145833333329 0.022268518518518594
1 0.12620052083333333 0.6919768518518519 0.009437499999999988 0.01860648148148157
1 0.234640625 0.19308796296296296 0.013554687499999996 0.028671296296296302
1 0.4121432291666667 0.7612222222222222 0.011666666666666714 0.02165740740740733
1 0.41875 0.7310231481481481 0.025565104166666686 0.027148148148148168
1 0.48549479166666665 0.697925925925926 0.012869791666666686 0.025624999999999985
1 0.5264166666666666 0.7628981481481482 0.010981770833333293 0.02013425925925934
1 0.6164140625000001 0.6663518518518519 0.0070338541666665755 0.014949074074074135
1 0.5301927083333333 0.5072777777777778 0.010294270833333341 0.01891203703703701
1 0.6099791666666667 0.44505092592592593 0.008578125000000103 0.014032407407407434
1 0.6565651041666667 0.42827314814814815 0.008408854166666702 0.014643518518518504
1 0.7706666666666667 0.39868518518518514 0.01080989583333336 0.017694444444444457
1 0.7813046875 0.3119027777777778 0.009437499999999988 0.018606481481481474
1 0.79134375 0.3857175925925926 0.008236979166666769 0.017388888888888922
1 0.777359375 0.6963981481481482 0.010466145833333274 0.01891203703703701