1 0.16786458333333334 0.19874537037037038 0.010184895833333318 0.017236111111111105
1 0.327109375 0.7571157407407407 0.010968749999999972 0.0182824074074074
1 0.3377838541666666 0.7275185185185186 0.023700520833333294 0.021069444444444387
1 0.404234375 0.694 0.011263020833333304 0.02368055555555553
1 0.44507291666666665 0.49603703703703705 0.01106770833333337 0.020546296296296243
1 0.5354687499999999 0.42430555555555555 0.007736979166666602 0.01357870370370367
0 0.5876692708333333 0.4016712962962963 0.007541666666666558 0.01218981481481486
1 0.7393749999999999 0.2572453703703703 0.007736979166666602 0.013754629629629613
1 0.7336458333333333 0.3577962962962963 0.011164062500000016 0.019152777777777748
1 0.7593046875 0.34047222222222223 0.008031249999999934 0.015148148148148109
1 0.7483854166666667 0.6986157407407407 0.011263020833333304 0.020370370370370396
1 0.5482994791666667 0.6622268518518519 0.007541666666666558 0.01236111111111112