1 0.19925 0.7521666666666667 0.012624999999999997 0.02027777777777769
1 0.27904427083333333 0.6895601851851851 0.013408854166666706 0.023217592592592595
1 0.31513281249999997 0.4928287037037037 0.00896874999999997 0.017337962962962986
1 0.40563802083333333 0.42224999999999996 0.00679166666666664 0.009907407407407377
0 0.45583072916666667 0.4006574074074074 0.007921874999999967 0.011300925925925971
1 0.6014036458333333 0.3577037037037037 0.010361979166666702 0.017643518518518517
1 0.6265234375 0.34385185185185185 0.0062682291666666945 0.010370370370370412
1 0.6036692708333333 0.26127314814814817 0.007575520833333238 0.015476851851851868
1 0.6191223958333333 0.6912592592592592 0.009578124999999993 0.019810185185185167
1 0.5947005208333334 0.7306527777777778 0.003916666666666568 0.014393518518518493
1 0.5627916666666666 0.8153194444444444 0.008010416666666575 0.014083333333333274
1 0.4222682291666667 0.6575185185185185 0.007661458333333315 0.012384259259259246
1 0.2125703125 0.7220648148148148 0.02324739583333335 0.023217592592592595