1 0.36290104166666665 0.19526388888888888 0.011156249999999979 0.019564814814814795
1 0.5507604166666666 0.7671157407407407 0.011156249999999979 0.01929629629629639
1 0.6272005208333333 0.704662037037037 0.01567968750000004 0.025194444444444544
1 0.6764270833333333 0.4974722222222222 0.01040364583333342 0.020370370370370396
0 0.7701302083333333 0.4237638888888889 0.009348958333333268 0.012328703703703722
1 0.8286276041666666 0.4005787037037037 0.009648437500000107 0.015277777777777798
1 0.9740442708333333 0.35541203703703705 0.014020833333333371 0.024657407407407444
1 0.9872369791666666 0.2494074074074074 0.010252604166666623 0.0163518518518518
1 0.9832421875 0.7112268518518519 0.011911458333333291 0.02117592592592585
1 0.7786484375 0.674912037037037 0.008593749999999956 0.01393981481481473
1 0.5579973958333333 0.7361574074074073 0.028044270833333274 0.029217592592592625
1 0.24869270833333335 0.6724999999999999 0.008291666666666697 0.013402777777777826
1 0.22705729166666666 0.7482175925925927 0.010854166666666665 0.013671296296296376