1 0.3594817708333333 0.1949537037037037 0.011304687500000021 0.01916203703703702
1 0.41578125 0.7644027777777778 0.007885416666666645 0.012152777777777778
1 0.5484895833333333 0.7672824074074074 0.009374999999999911 0.020407407407407478
1 0.5548411458333333 0.7351157407407407 0.027338541666666716 0.02399074074074075
1 0.6244140625 0.704662037037037 0.014369791666666742 0.025393518518518517
1 0.6733541666666666 0.4979444444444444 0.00955208333333335 0.019472222222222238
0 0.7665442708333334 0.42496296296296293 0.007710937499999959 0.011837962962962974
1 0.8240260416666667 0.4002685185185185 0.008411458333333233 0.01293055555555552
1 0.9706223958333333 0.35455092592592596 0.012794270833333288 0.018694444444444496
1 0.997359375 0.33834722222222224 0.005281249999999904 0.012462962962962997
1 0.9832395833333333 0.25126851851851856 0.009289062499999945 0.015268518518518527
1 0.9791640624999999 0.7119027777777778 0.013757812499999966 0.020564814814814782
1 0.7747369791666666 0.6757638888888889 0.006572916666666595 0.01682407407407401