1 0.24228125 0.19631481481481483 0.011497395833333313 0.018847222222222213
1 0.41355729166666666 0.7600324074074074 0.011497395833333313 0.02123611111111106
1 0.42277864583333336 0.7284444444444444 0.025161458333333386 0.022828703703703625
1 0.49154166666666665 0.6972499999999999 0.01455989583333328 0.02468981481481474
1 0.5368255208333332 0.7660740740740741 0.010453124999999952 0.02057407407407415
1 0.533203125 0.49476388888888895 0.010976562500000009 0.01898148148148139
1 0.6249270833333332 0.42322222222222217 0.0083619791666667 0.011282407407407428
1 0.6783489583333333 0.3993935185185185 0.008585937499999918 0.013009259259259269
1 0.8279713541666666 0.3540648148148148 0.010976562500000009 0.018449074074074073
1 0.8358854166666667 0.2523287037037037 0.009481770833333236 0.0161944444444444
1 0.8556718750000001 0.337875 0.007541666666666558 0.012611111111111128
1 0.8404036458333334 0.7038194444444444 0.01134895833333327 0.018717592592592622