1 0.23966927083333334 0.1948101851851852 0.01077604166666668 0.018055555555555564
1 0.28339322916666665 0.7587777777777778 0.007054687500000045 0.01199074074074069
1 0.4105729166666666 0.7583657407407407 0.012093750000000014 0.017777777777777795
1 0.4201458333333333 0.7283888888888889 0.025351562500000036 0.023430555555555524
1 0.44290104166666666 0.7713888888888889 0.008218750000000052 0.013504629629629703
1 0.4872838541666667 0.6957268518518518 0.012635416666666677 0.0231527777777778
1 0.5335651041666666 0.7661527777777778 0.0106197916666666 0.018467592592592612
1 0.633765625 0.6670601851851852 0.006356770833333414 0.01212962962962965
0 0.6212083333333334 0.4231157407407407 0.008218749999999941 0.011578703703703693
1 0.6754348958333334 0.39913425925925927 0.007520833333333421 0.011027777777777735
1 0.8250989583333334 0.3540648148148148 0.012250000000000094 0.019018518518518473
1 0.8523098958333333 0.33656018518518516 0.006203125000000087 0.01212962962962965
1 0.832578125 0.25145833333333334 0.00829427083333334 0.013921296296296286
1 0.8367265625 0.7037175925925925 0.011940104166666687 0.019847222222222252
1 0.5305416666666667 0.4938842592592592 0.00922656250000009 0.01529629629629624