1 0.04823177083333333 0.8365324074074074 0.01147135416666667 0.01805092592592593
1 0.22009895833333332 0.23639351851851853 0.012598958333333354 0.020893518518518544
1 0.23283854166666668 0.2682361111111111 0.026794270833333356 0.024736111111111195
1 0.35374739583333337 0.23656481481481487 0.012127604166666694 0.020560185185185195
1 0.30673697916666665 0.30417129629629636 0.01551302083333328 0.028416666666666757
1 0.35111458333333334 0.5061666666666667 0.009872395833333325 0.01755092592592591
1 0.441328125 0.5693518518518519 0.007898437499999966 0.01287037037037031
1 0.49139322916666667 0.5876527777777779 0.00799218749999997 0.014374999999999952
1 0.627484375 0.7079953703703704 0.00827343749999998 0.014374999999999952
1 0.6199166666666667 0.6192407407407408 0.008554687499999991 0.015379629629629576
1 0.6415885416666666 0.6316111111111111 0.006018229166666611 0.01337037037037033
1 0.6299765625 0.30910185185185196 0.009119791666666766 0.01855092592592595
1 0.4529375 0.3397731481481482 0.006299479166666622 0.012703703703703637
1 0.2586484375 0.231212962962963 0.005078125000000044 0.009861111111111024