1 0.04823177083333333 0.16346759259259258 0.01147135416666667 0.01805092592592593
1 0.22009895833333332 0.7636064814814815 0.012598958333333354 0.020893518518518544
1 0.23283854166666668 0.7317638888888889 0.026794270833333356 0.024736111111111195
1 0.35374739583333337 0.7634351851851852 0.012127604166666694 0.020560185185185195
1 0.30673697916666665 0.6958287037037036 0.01551302083333328 0.028416666666666757
1 0.35111458333333334 0.4938333333333334 0.009872395833333325 0.01755092592592591
1 0.441328125 0.43064814814814817 0.007898437499999966 0.012870370370370409
1 0.49139322916666667 0.4123472222222222 0.00799218749999997 0.014374999999999952
1 0.627484375 0.29200462962962964 0.00827343749999998 0.014374999999999952
1 0.6199166666666667 0.3807592592592593 0.008554687499999991 0.015379629629629675
1 0.6415885416666666 0.3683888888888889 0.006018229166666611 0.01337037037037033
1 0.6299765625 0.6908981481481481 0.009119791666666766 0.01855092592592595
1 0.4529375 0.6602268518518518 0.006299479166666622 0.012703703703703637
1 0.2586484375 0.768787037037037 0.005078125000000044 0.009861111111111024