1 0.2737526041666667 0.7491759259259259 0.01186458333333329 0.02042592592592602
1 0.2859947916666667 0.7175324074074073 0.020906250000000015 0.02209722222222214
1 0.3094427083333333 0.7603935185185186 0.0075338541666666314 0.013393518518518456
1 0.39716145833333333 0.7578796296296296 0.01083072916666672 0.02042592592592602
1 0.3514427083333333 0.6894907407407407 0.015820312500000044 0.024944444444444533
1 0.38553125 0.4905231481481482 0.0101692708333333 0.016069444444444397
0 0.476640625 0.4210462962962963 0.008192708333333298 0.013726851851851803
1 0.5278697916666667 0.39836111111111117 0.006684895833333426 0.011884259259259226
1 0.6854166666666667 0.24869444444444444 0.008380208333333306 0.0165740740740741
1 0.7090520833333334 0.33624999999999994 0.007440104166666739 0.01288888888888885
1 0.6826380208333334 0.3530740740740741 0.012994791666666616 0.02176388888888889
1 0.6988828125 0.7033888888888888 0.010075520833333407 0.019254629629629722
1 0.6380026041666667 0.8322129629629629 0.009039062500000083 0.011717592592592554
1 0.49293229166666663 0.663375 0.006497395833333308 0.01288888888888885