1 0.28065104166666666 0.7185324074074074 0.02367187500000001 0.020800925925925837
1 0.26836197916666665 0.748523148148148 0.011789062500000003 0.020152777777777686
1 0.3041848958333333 0.7603703703703704 0.006893229166666681 0.013541666666666587
1 0.34599479166666663 0.68975 0.014330729166666667 0.02386111111111116
1 0.39224739583333335 0.7585185185185186 0.012153645833333337 0.01950925925925932
1 0.38045833333333334 0.4903888888888889 0.00924999999999998 0.015962962962962932
0 0.47078906249999997 0.4222685185185185 0.0077994791666666785 0.011287037037037016
1 0.5218489583333333 0.39888888888888885 0.008343750000000094 0.013541666666666686
1 0.6788828124999999 0.24845833333333334 0.007890624999999929 0.013222222222222198
1 0.7029635416666666 0.33495833333333336 0.007437499999999986 0.011449074074074103
1 0.6765260416666667 0.35181018518518514 0.013330729166666666 0.02063888888888885
1 0.6936223958333334 0.703212962962963 0.010520833333333313 0.019185185185185145
1 0.6330833333333333 0.830912037037037 0.011880208333333364 0.013703703703703675
1 0.48770312499999996 0.6627453703703704 0.006440104166666627 0.013703703703703675