1 0.28065104166666666 0.28146759259259263 0.02367187500000001 0.020800925925925837
1 0.26836197916666665 0.2514768518518519 0.011789062500000003 0.020152777777777686
1 0.3041848958333333 0.23962962962962958 0.006893229166666681 0.013541666666666587
1 0.34599479166666663 0.31025 0.014330729166666667 0.02386111111111116
1 0.39224739583333335 0.24148148148148144 0.012153645833333337 0.01950925925925932
1 0.38045833333333334 0.5096111111111111 0.00924999999999998 0.015962962962962932
0 0.47078906249999997 0.5777314814814815 0.0077994791666666785 0.011287037037037114
1 0.5218489583333333 0.6011111111111112 0.008343750000000094 0.013541666666666587
1 0.6788828124999999 0.7515416666666668 0.007890624999999929 0.013222222222222198
1 0.7029635416666666 0.6650416666666666 0.007437499999999986 0.011449074074074004
1 0.6765260416666667 0.6481898148148149 0.013330729166666666 0.02063888888888875
1 0.6936223958333334 0.29678703703703696 0.010520833333333313 0.019185185185185145
1 0.6330833333333333 0.16908796296296302 0.011880208333333364 0.013703703703703675
1 0.48770312499999996 0.33725462962962965 0.006440104166666627 0.013703703703703675