1 0.23399218749999998 0.2649768518518518 0.011015624999999973 0.01684259259259255
1 0.26880468750000003 0.2541064814814814 0.009255208333333376 0.014296296296296203
1 0.3081875 0.32030092592592596 0.013549479166666711 0.0244814814814814
1 0.35164843749999997 0.25488888888888883 0.009255208333333376 0.018212962962963018
1 0.33947656249999997 0.5100833333333333 0.010026041666666652 0.015472222222222283
1 0.42584635416666666 0.576962962962963 0.007380208333333305 0.010185185185185198
1 0.4749244791666667 0.5973333333333333 0.007710937499999959 0.01566666666666667
0 0.6242526041666667 0.7404027777777777 0.006721354166666638 0.011555555555555467
1 0.6222708333333333 0.6397361111111112 0.012890625000000044 0.020171296296296423
1 0.6473333333333334 0.6558935185185185 0.009255208333333265 0.0152777777777777
1 0.6412187500000001 0.3064953703703704 0.008041666666666725 0.017625000000000075
1 0.58228125 0.1859490740740741 0.009143229166666655 0.013513888888888874
1 0.4438020833333333 0.3493842592592593 0.006721354166666638 0.01175000000000005