1 0.23399218749999998 0.7350231481481482 0.011015624999999973 0.01684259259259255
1 0.26880468750000003 0.7458935185185186 0.009255208333333376 0.014296296296296203
1 0.3081875 0.679699074074074 0.013549479166666711 0.0244814814814814
1 0.35164843749999997 0.7451111111111112 0.009255208333333376 0.018212962962963018
1 0.33947656249999997 0.48991666666666667 0.010026041666666652 0.015472222222222283
1 0.42584635416666666 0.42303703703703704 0.007380208333333305 0.010185185185185198
1 0.4749244791666667 0.4026666666666667 0.007710937499999959 0.01566666666666667
0 0.6242526041666667 0.2595972222222222 0.006721354166666638 0.011555555555555565
1 0.6222708333333333 0.36026388888888883 0.012890625000000044 0.020171296296296326
1 0.6473333333333334 0.3441064814814815 0.009255208333333265 0.015277777777777798
1 0.6412187500000001 0.6935046296296297 0.008041666666666725 0.017625000000000075
1 0.58228125 0.8140509259259259 0.009143229166666655 0.013513888888888874
1 0.4438020833333333 0.6506157407407407 0.006721354166666638 0.01175000000000005