1 0.23077343749999998 0.7354583333333333 0.009869791666666683 0.015097222222222269
1 0.24391406249999997 0.7081203703703703 0.021458333333333357 0.023259259259259264
1 0.26617708333333334 0.7474953703703703 0.010901041666666611 0.013055555555555523
1 0.3047916666666667 0.679662037037037 0.012851562499999969 0.024277777777777843
1 0.3487994791666667 0.7454537037037037 0.009984375000000045 0.01795370370370364
1 0.3360052083333333 0.48993055555555554 0.008263020833333301 0.015300925925926023
1 0.4224739583333333 0.4235277777777778 0.0067708333333332815 0.013875000000000033
1 0.47153125 0.40261574074074075 0.008950520833333364 0.012851851851851868
1 0.6186484375 0.35977314814814815 0.011244791666666698 0.02019907407407404
1 0.6371822916666667 0.6940416666666667 0.009755208333333432 0.019583333333333286
1 0.6105572916666666 0.7302546296296295 0.008377604166666774 0.01937962962962973
1 0.5776796875 0.8131851851851851 0.010098958333333297 0.014689814814814758
0 0.6207708333333334 0.26133796296296297 0.010442708333333384 0.015097222222222269
1 0.6440104166666667 0.34498148148148144 0.009179687500000089 0.015912037037036992