1 0.23077343749999998 0.26454166666666673 0.009869791666666683 0.015097222222222269
1 0.24391406249999997 0.2918796296296297 0.021458333333333357 0.023259259259259264
1 0.26617708333333334 0.25250462962962966 0.010901041666666611 0.013055555555555523
1 0.3047916666666667 0.320337962962963 0.012851562499999969 0.024277777777777843
1 0.3487994791666667 0.2545462962962963 0.009984375000000045 0.01795370370370364
1 0.3360052083333333 0.5100694444444445 0.008263020833333301 0.015300925925926023
1 0.4224739583333333 0.5764722222222223 0.0067708333333332815 0.013874999999999934
1 0.47153125 0.5973842592592593 0.008950520833333364 0.012851851851851769
1 0.6186484375 0.6402268518518519 0.011244791666666698 0.02019907407407394
1 0.6371822916666667 0.3059583333333333 0.009755208333333432 0.019583333333333286
1 0.6105572916666666 0.2697453703703705 0.008377604166666774 0.01937962962962973
1 0.5776796875 0.18681481481481488 0.010098958333333297 0.014689814814814758
0 0.6207708333333334 0.738662037037037 0.010442708333333384 0.015097222222222269
1 0.6440104166666667 0.6550185185185184 0.009179687500000089 0.015912037037037093