1 0.20906770833333335 0.2939675925925926 0.020937499999999998 0.020300925925926014
1 0.19745572916666668 0.2673333333333334 0.01098437499999999 0.014402777777777863
1 0.23193489583333332 0.25495833333333334 0.005546875000000007 0.012856481481481552
1 0.2705182291666667 0.3221481481481481 0.012236979166666662 0.023490740740740732
1 0.31445833333333334 0.25747222222222227 0.01049479166666667 0.015180555555555605
1 0.30026302083333334 0.510236111111111 0.009950520833333365 0.015856481481481468
1 0.385859375 0.5766990740740741 0.0075598958333333854 0.012083333333333397
1 0.43390364583333335 0.597 0.005981770833333289 0.011699074074074013
1 0.5798098958333333 0.6398796296296295 0.0084843750000001 0.01798148148148155
1 0.6040078124999999 0.6550555555555556 0.007070312500000009 0.013537037037037002
0 0.5796458333333334 0.7382962962962963 0.0077213541666667496 0.012953703703703646
1 0.5996588541666666 0.30798611111111107 0.009898437499999968 0.01856018518518512
1 0.5726041666666667 0.27187500000000003 0.01016927083333341 0.01614351851851856
1 0.5424765625 0.18883333333333338 0.009080729166666579 0.013629629629629707
1 0.40500260416666667 0.34999074074074077 0.0075598958333333854 0.012277777777777783