1 0.20933333333333334 0.7061064814814815 0.020528645833333303 0.02121759259259252
1 0.1973984375 0.7351712962962963 0.011458333333333348 0.019097222222222224
1 0.23278385416666666 0.7451435185185185 0.007757812500000016 0.017824074074074048
1 0.2708567708333333 0.6770370370370371 0.014203124999999983 0.020791666666666667
1 0.3147760416666667 0.7433425925925925 0.009906250000000005 0.018458333333333243
1 0.34299999999999997 0.7638148148148147 0.006205729166666618 0.012731481481481547
1 0.30027604166666666 0.4911759259259259 0.010026041666666652 0.016550925925925872
1 0.38578645833333336 0.4237037037037037 0.008234375000000016 0.013152777777777815
1 0.43423958333333335 0.403337962962963 0.006325520833333376 0.014004629629629624
0 0.5803203124999999 0.2639398148148148 0.011338541666666702 0.01951851851851849
1 0.5791875 0.3601620370370371 0.0107421875 0.01845833333333334
1 0.6040703125 0.34583796296296293 0.006565104166666558 0.012731481481481448
1 0.59959375 0.6922083333333333 0.010026041666666652 0.01803240740740739
1 0.5730390624999999 0.7290185185185185 0.007518229166666668 0.016972222222222142
1 0.5430234375 0.8111296296296296 0.009786458333333359 0.016125000000000018
1 0.4044036458333333 0.6495601851851851 0.007757812499999961 0.016759259259259213