1 0.20933333333333334 0.2938935185185185 0.020528645833333303 0.02121759259259252
1 0.1973984375 0.2648287037037037 0.011458333333333348 0.019097222222222224
1 0.23278385416666666 0.25485648148148154 0.007757812500000016 0.017824074074074048
1 0.2708567708333333 0.3229629629629629 0.014203124999999983 0.020791666666666667
1 0.3147760416666667 0.25665740740740745 0.009906250000000005 0.018458333333333243
1 0.34299999999999997 0.23618518518518528 0.006205729166666618 0.012731481481481547
1 0.30027604166666666 0.5088240740740742 0.010026041666666652 0.016550925925925872
1 0.38578645833333336 0.5762962962962963 0.008234375000000016 0.013152777777777815
1 0.43423958333333335 0.596662037037037 0.006325520833333376 0.014004629629629525
0 0.5803203124999999 0.7360601851851851 0.011338541666666702 0.01951851851851849
1 0.5791875 0.6398379629629629 0.0107421875 0.01845833333333344
1 0.6040703125 0.654162037037037 0.006565104166666558 0.01273148148148135
1 0.59959375 0.3077916666666667 0.010026041666666652 0.01803240740740739
1 0.5730390624999999 0.2709814814814815 0.007518229166666668 0.016972222222222142
1 0.5430234375 0.18887037037037036 0.009786458333333359 0.016125000000000018
1 0.4044036458333333 0.35043981481481484 0.007757812499999961 0.016759259259259213