1 0.19690104166666667 0.7336157407407407 0.010520833333333313 0.016921296296296302
1 0.2712890625 0.6788472222222222 0.014169270833333303 0.025444444444444356
1 0.23282552083333333 0.7451944444444444 0.007942708333333326 0.012592592592592588
1 0.3147265625 0.7432222222222221 0.009445312500000025 0.016282407407407322
1 0.34220572916666664 0.7632592592592593 0.00629687499999998 0.010560185185185212
1 0.4047161458333333 0.6504166666666668 0.005367187499999981 0.011833333333333387
1 0.3005234375 0.49011574074074077 0.009375000000000022 0.014374999999999952
1 0.38610937500000003 0.4226898148148148 0.007942708333333326 0.012342592592592579
1 0.4343411458333333 0.4027777777777778 0.007656250000000031 0.012722222222222178
1 0.5797916666666667 0.35990740740740734 0.010591145833333426 0.018064814814814787
0 0.5794322916666667 0.2626481481481482 0.007872395833333323 0.013865740740740762
1 0.6043359375 0.3448287037037037 0.007299479166666734 0.011833333333333288
1 0.5997213541666666 0.6916342592592594 0.009804687499999964 0.01793981481481488
1 0.5737447916666666 0.7288472222222222 0.007942708333333437 0.019592592592592654
1 0.5429375000000001 0.8105833333333332 0.011307291666666774 0.013101851851851778
1 0.20999739583333332 0.7070925925925926 0.020682291666666686 0.022388888888888816