1 0.1975104166666667 0.7334027777777777 0.011158854166666676 0.01785185185185176
1 0.20855729166666667 0.7057546296296296 0.021057291666666644 0.02281018518518528
1 0.23269791666666664 0.7450185185185185 0.006658854166666672 0.014277777777777858
1 0.2710885416666667 0.6775509259259259 0.012536458333333278 0.022111111111111095
1 0.31457291666666665 0.7426666666666667 0.010184895833333374 0.017236111111111105
1 0.29973697916666664 0.4900324074074074 0.008716145833333355 0.016888888888888804
1 0.3863619791666667 0.42474074074074075 0.006856770833333359 0.01306018518518521
1 0.43420312499999997 0.4030648148148148 0.0069531250000000044 0.01149074074074077
1 0.5799322916666667 0.35971296296296296 0.0089114583333334 0.01671296296296296
1 0.60490625 0.3436064814814815 0.006757812500000071 0.014449074074074118
1 0.5999609375 0.691824074074074 0.008617187500000068 0.0186296296296297
1 0.5728802083333333 0.7286481481481482 0.00930468750000002 0.017759259259259252
1 0.5425208333333333 0.8119629629629629 0.010479166666666595 0.0165416666666667
1 0.4054583333333333 0.6492546296296298 0.008226562499999979 0.014277777777777858
0 0.5798828125 0.2617731481481481 0.008421875000000023 0.015842592592592613