1 0.31079427083333333 0.7919212962962963 0.009419270833333382 0.01696296296296297
1 0.48447135416666665 0.2740972222222222 0.025651041666666652 0.022472222222222154
1 0.47585677083333333 0.24457407407407405 0.01239322916666663 0.018064814814814884
1 0.5054739583333333 0.23212962962962969 0.0066927083333332416 0.011236111111111077
1 0.5507057291666667 0.3029583333333334 0.012888020833333291 0.023791666666666583
1 0.5957526041666666 0.23300925925925922 0.010286458333333304 0.018287037037036984
1 0.596 0.5027731481481481 0.009789062500000112 0.016300925925925865
1 0.6890651041666667 0.5733796296296296 0.008054687500000046 0.014319444444444527
1 0.7461927083333334 0.5946388888888889 0.008302083333333377 0.01321759259259261
1 0.899359375 0.6417824074074073 0.013260416666666774 0.018504629629629694
1 0.9097057291666667 0.7466481481481482 0.011648437500000108 0.018504629629629694
1 0.9112552083333333 0.2835694444444445 0.01276302083333336 0.023791666666666583
1 0.6989791666666666 0.33016203703703706 0.0075598958333333854 0.011675925925925887