1 0.31079427083333333 0.20807870370370368 0.009419270833333382 0.01696296296296297
1 0.48447135416666665 0.7259027777777778 0.025651041666666652 0.022472222222222154
1 0.47585677083333333 0.755425925925926 0.01239322916666663 0.018064814814814884
1 0.5054739583333333 0.7678703703703703 0.0066927083333332416 0.011236111111111077
1 0.5507057291666667 0.6970416666666667 0.012888020833333291 0.023791666666666583
1 0.5957526041666666 0.7669907407407408 0.010286458333333304 0.018287037037036984
1 0.596 0.4972268518518519 0.009789062500000112 0.016300925925925865
1 0.6890651041666667 0.42662037037037037 0.008054687500000046 0.014319444444444428
1 0.7461927083333334 0.4053611111111111 0.008302083333333377 0.01321759259259261
1 0.899359375 0.3582175925925926 0.013260416666666774 0.018504629629629597
1 0.9097057291666667 0.25335185185185183 0.011648437500000108 0.018504629629629597
1 0.9112552083333333 0.7164305555555556 0.01276302083333336 0.023791666666666583
1 0.6989791666666666 0.6698379629629629 0.0075598958333333854 0.011675925925925887