1 0.04308854166666667 0.8361064814814815 0.011145833333333327 0.022560185185185076
1 0.21318229166666666 0.23750925925925928 0.012359375000000006 0.022361111111111102
1 0.22658854166666667 0.2697777777777778 0.028138020833333333 0.02765740740740736
1 0.3005729166666667 0.3045 0.014125000000000054 0.02569907407407415
1 0.34834895833333335 0.23604166666666662 0.009929687500000006 0.019814814814814754
1 0.44754687499999996 0.3405972222222223 0.005736979166666711 0.013143518518518447
1 0.34482031249999995 0.5074305555555555 0.011255208333333377 0.014513888888888913
1 0.43656770833333336 0.569912037037037 0.0076145833333333135 0.012750000000000088
1 0.4861666666666667 0.5880555555555556 0.006179687499999975 0.011768518518518394
1 0.6170885416666666 0.6165972222222221 0.009380208333333417 0.01902777777777784
1 0.622109375 0.7093842592592592 0.0057369791666666 0.013143518518518645
1 0.6374479166666667 0.6314074074074074 0.007283854166666659 0.01294907407407406
1 0.6261354166666667 0.3101898148148148 0.009820312500000039 0.018245370370370315