1 0.04308854166666667 0.16389351851851852 0.011145833333333327 0.022560185185185173
1 0.21318229166666666 0.7624907407407407 0.012359375000000006 0.022361111111111102
1 0.22658854166666667 0.7302222222222222 0.028138020833333333 0.02765740740740736
1 0.3005729166666667 0.6955 0.014125000000000054 0.02569907407407415
1 0.34834895833333335 0.7639583333333334 0.009929687500000006 0.019814814814814754
1 0.44754687499999996 0.6594027777777778 0.005736979166666711 0.013143518518518447
1 0.34482031249999995 0.4925694444444445 0.011255208333333377 0.014513888888888913
1 0.43656770833333336 0.430087962962963 0.0076145833333333135 0.01274999999999999
1 0.4861666666666667 0.4119444444444444 0.006179687499999975 0.011768518518518492
1 0.6170885416666666 0.38340277777777776 0.009380208333333417 0.01902777777777774
1 0.622109375 0.29061574074074076 0.0057369791666666 0.013143518518518546
1 0.6374479166666667 0.3685925925925926 0.007283854166666659 0.01294907407407406
1 0.6261354166666667 0.6898101851851852 0.009820312500000039 0.018245370370370315