1 0.31660937499999997 0.2592824074074074 0.010437499999999988 0.01585185185185188
1 0.32866666666666666 0.2868796296296297 0.021335937499999957 0.021254629629629603
1 0.3501328125 0.24618981481481483 0.006671874999999994 0.012449074074074041
1 0.3910572916666667 0.31330555555555556 0.014005208333333297 0.022898148148148206
1 0.43296874999999996 0.2443703703703703 0.010635416666666675 0.019374999999999944
1 0.4256041666666666 0.5056018518518518 0.008588541666666671 0.0159722222222223
1 0.5143177083333333 0.5747685185185185 0.007398437500000021 0.011509259259259212
1 0.5657760416666666 0.5962592592592593 0.007002604166666648 0.011745370370370267
1 0.7271536458333333 0.7499259259259259 0.008718750000000108 0.013037037037036982
0 0.7516588541666667 0.6613194444444445 0.007531249999999989 0.013620370370370338
1 0.7235208333333334 0.6437037037037037 0.0120234374999999 0.01785185185185196
1 0.7404635416666667 0.28717592592592595 0.010768229166666643 0.020199074074074137
1 0.6768515625 0.16281018518518525 0.010635416666666675 0.011509259259259212
1 0.5301380208333333 0.33784722222222224 0.007333333333333414 0.012328703703703623