1 0.31660937499999997 0.7407175925925926 0.010437499999999988 0.01585185185185188
1 0.32866666666666666 0.7131203703703703 0.021335937499999957 0.021254629629629603
1 0.3501328125 0.7538101851851852 0.006671874999999994 0.012449074074074041
1 0.3910572916666667 0.6866944444444445 0.014005208333333297 0.022898148148148206
1 0.43296874999999996 0.7556296296296297 0.010635416666666675 0.019374999999999944
1 0.4256041666666666 0.4943981481481482 0.008588541666666671 0.0159722222222223
1 0.5143177083333333 0.4252314814814815 0.007398437500000021 0.011509259259259212
1 0.5657760416666666 0.40374074074074073 0.007002604166666648 0.011745370370370366
1 0.7271536458333333 0.25007407407407406 0.008718750000000108 0.013037037037037081
0 0.7516588541666667 0.33868055555555554 0.007531249999999989 0.013620370370370338
1 0.7235208333333334 0.3562962962962963 0.0120234374999999 0.01785185185185186
1 0.7404635416666667 0.712824074074074 0.010768229166666643 0.020199074074074137
1 0.6768515625 0.8371898148148147 0.010635416666666675 0.011509259259259212
1 0.5301380208333333 0.6621527777777777 0.007333333333333414 0.012328703703703623