1 0.31471354166666665 0.7411388888888888 0.012645833333333356 0.017004629629629637
1 0.3491432291666667 0.7551203703703703 0.007119791666666653 0.010958333333333355
1 0.3879322916666667 0.6858796296296297 0.012007812500000048 0.020592592592592496
1 0.43022656249999996 0.75625 0.009882812500000004 0.018513888888888868
1 0.42289583333333336 0.49487962962962967 0.009244791666666696 0.01794907407407405
1 0.5110963541666667 0.42573611111111115 0.007971354166666611 0.012657407407407383
1 0.5634348958333334 0.4041018518518518 0.007226562500000089 0.013981481481481496
1 0.72421875 0.25022685185185184 0.009565104166666671 0.015300925925925924
1 0.7204999999999999 0.3575324074074074 0.01657812500000011 0.022861111111111124
0 0.7485546875 0.3409074074074074 0.008075520833333405 0.01454629629629631
1 0.7380859375 0.7121388888888889 0.012645833333333245 0.02399074074074075
1 0.6737395833333333 0.8404166666666666 0.008502604166666705 0.015680555555555625
1 0.5279947916666666 0.6633981481481482 0.00818229166666673 0.014171296296296198
1 0.32645572916666665 0.7128009259259259 0.024653645833333293 0.018513888888888868