1 0.2586588541666667 0.6807453703703703 0.014286458333333307 0.024458333333333273
1 0.2873203125 0.4913518518518518 0.010229166666666623 0.01567592592592584
1 0.30046093749999997 0.7483148148148148 0.01040624999999995 0.019124999999999934
1 0.3935885416666667 0.6561296296296296 0.008289062500000055 0.012856481481481552
1 0.37321614583333335 0.4253472222222222 0.007760416666666714 0.014111111111111086
1 0.42189843749999995 0.40418055555555554 0.008466145833333383 0.013171296296296257
1 0.5723489583333333 0.35934259259259255 0.010934895833333291 0.02006944444444445
1 0.5706744791666666 0.25524074074074077 0.007583333333333275 0.013796296296296282
0 0.5986302083333332 0.3425648148148148 0.008466145833333272 0.016620370370370355
1 0.592015625 0.7048888888888888 0.010054687500000048 0.022578703703703615
1 0.5651171875000001 0.7390648148148149 0.00987760416666661 0.020694444444444373
1 0.53425 0.8259212962962963 0.010934895833333291 0.01756018518518528