1 0.2559427083333333 0.3207916666666667 0.012950520833333368 0.02262500000000007
1 0.29751041666666667 0.2525833333333333 0.01004687500000001 0.01825925925925927
1 0.2845234375 0.5084722222222222 0.009973958333333366 0.01614351851851856
1 0.37070572916666666 0.5760833333333334 0.006994791666666611 0.01164351851851839
1 0.41833593750000003 0.59725 0.006697916666666637 0.011643518518518588
1 0.5687838541666667 0.641638888888889 0.009302083333333266 0.016009259259259383
1 0.5684140625 0.7437824074074074 0.007367187500000094 0.012833333333333426
0 0.5960234375 0.6585092592592593 0.0072187500000000515 0.01455555555555558
1 0.5886197916666667 0.29737037037037034 0.010567708333333314 0.019712962962962877
1 0.5611927083333333 0.2582083333333334 0.009898437499999968 0.017069444444444432
1 0.5314244791666667 0.17445833333333333 0.011088541666666618 0.015217592592592687