1 0.2559427083333333 0.6792083333333333 0.01295052083333334 0.02262500000000007
1 0.29751041666666667 0.7474166666666666 0.01004687500000001 0.01825925925925927
1 0.2845234375 0.4915277777777778 0.009973958333333366 0.01614351851851856
1 0.37070572916666666 0.42391666666666666 0.006994791666666611 0.011643518518518489
1 0.41833593750000003 0.40275 0.006697916666666637 0.011643518518518489
1 0.5687838541666667 0.3583611111111111 0.009302083333333266 0.016009259259259286
1 0.5684140625 0.2562175925925925 0.007367187500000094 0.012833333333333327
0 0.5960234375 0.34149074074074076 0.0072187500000000515 0.01455555555555558
1 0.5886197916666667 0.7026296296296297 0.010567708333333314 0.019712962962962877
1 0.5611927083333333 0.7417916666666666 0.009898437499999968 0.017069444444444432
1 0.5314244791666667 0.8255416666666666 0.011088541666666618 0.015217592592592687