1 0.21619531250000001 0.7475370370370371 0.006182291666666673 0.014106481481481402
1 0.25365364583333333 0.6803055555555555 0.014322916666666657 0.023263888888888848
1 0.2944609375 0.7465277777777778 0.010200520833333337 0.01795370370370364
1 0.2816328125 0.49225 0.00968749999999996 0.018685185185185124
1 0.38751302083333333 0.6552037037037037 0.0062864583333333 0.012638888888888842
1 0.36762500000000004 0.4237361111111111 0.006903645833333361 0.012092592592592568
1 0.41580208333333335 0.40275925925925926 0.007624999999999993 0.014106481481481501
1 0.5658385416666667 0.3605324074074074 0.010098958333333297 0.02051851851851853
0 0.5920651041666667 0.3409305555555555 0.008552083333333238 0.015023148148148103
1 0.5648593749999999 0.255375 0.007317708333333339 0.012458333333333313
1 0.5862942708333333 0.7025601851851851 0.010614583333333316 0.020152777777777686
1 0.5581614583333334 0.7408518518518519 0.009583333333333277 0.021981481481481505
1 0.5286901041666667 0.8253981481481482 0.009583333333333277 0.01667129629629629