1 0.31589843749999996 0.2077685185185185 0.010606770833333279 0.01716203703703704
1 0.48316666666666663 0.759087962962963 0.011052083333333296 0.02043981481481478
1 0.49193229166666663 0.7300694444444444 0.023755208333333222 0.026083333333333333
1 0.5142890625 0.7703240740740741 0.00800260416666676 0.01264814814814821
1 0.5582109375000001 0.7007083333333334 0.01302083333333326 0.025180555555555588
1 0.604578125 0.7700416666666666 0.010734374999999963 0.018407407407407404
1 0.603625 0.5030462962962963 0.010098958333333297 0.018745370370370336
1 0.6975026041666667 0.4321898148148148 0.00857552083333335 0.013435185185185224
1 0.7534270833333333 0.40932407407407406 0.007367187500000094 0.014680555555555586
1 0.9359739583333333 0.34959259259259257 0.008130208333333222 0.011745370370370366
1 0.9198072916666666 0.2608379629629629 0.009843749999999929 0.016259259259259293
1 0.9075807291666667 0.3645555555555556 0.014609375000000036 0.021791666666666702