1 0.31126041666666665 0.20872685185185186 0.009578124999999993 0.01996759259259257
1 0.35561979166666663 0.7545694444444444 0.006703125000000032 0.012074074074074027
1 0.4779453125 0.7595185185185185 0.010361979166666702 0.020120370370370386
1 0.5079401041666667 0.7705092592592593 0.006617187500000066 0.014240740740740776
1 0.5515598958333333 0.702949074074074 0.010971354166666725 0.027708333333333397
1 0.5983567708333334 0.7709768518518518 0.010187500000000016 0.015787037037037085
1 0.5977057291666666 0.5019629629629629 0.010971354166666725 0.01640740740740733
1 0.690515625 0.4312268518518519 0.008531250000000101 0.01114351851851847
1 0.7462395833333333 0.4094027777777777 0.0071406249999999005 0.012074074074074027
1 0.9131432291666666 0.25926388888888885 0.008359374999999947 0.012694444444444465
1 0.9005182291666666 0.3648240740740741 0.013408854166666595 0.021981481481481505
1 0.9301197916666666 0.34856944444444443 0.008184895833333261 0.014861111111111115
1 0.909921875 0.7202824074074073 0.012710937500000075 0.02213425925925922
1 0.7005286458333334 0.6735370370370369 0.008359374999999947 0.01532407407407415
1 0.48604427083333335 0.7287962962962964 0.023421875000000036 0.023064814814814878